170593
170572
170556
170388
170387
170315
170313
170312
170311
170309
170308
170306
170270
170269
170268
170230
170228
170208
170207
170204
170203
170195
170193
170163
170159
170155
170152
170085
170083
170040
170038
170036
170027
169981
169975
169965
169956
169923
169859
169858
169855
169846
169837
169835
169591
169590
169588
169587
169586
169584
169557
169555
169554
169553
169550
169515
169512
169506
169504
169498
169475
169420
169419
169418
169417
169415
169411
169238
169167
169160
169156
169148
169145
169144
169143
169138
169099
169094
169091
169035
168992
168988
168984
168826
168777
168514
168512
168511
168467
168464
168460
168458
168362
168361
168342
168341
168325
168322
168311
168310
168115
168108
168107
168105
168104
168076
168069
168068
168066
167988
167987
167920
167915
167903
167902
