130850
130848
130847
130844
130842
130840
130834
130804
130802
130799
130798
130795
130793
130704
130696
130628
130623
130621
130620
130609
130608
130601
130526
130524
130520
130519
130517
130481
130480
130479
130375
130369
130360
130358
130356
130354
130343
130342
130179
130178
130172
130168
130158
130157
130151
130149
130148
129983
129961
129960
129959
129744
129742
129738
129736
129735
129729
129726
129725
129723
129667
129666
129659
129654
129653
129652
129650
129647
129641
129639
129599
129587
129586
129540
129528
129527
129523
129520
129514
129513
129512
128913
128855
128853
128850
128843
128836
128835
128824
128823
128820
128778
128777
128678
128677
128615
128611
128609
128605
128582
128507
128504
128503
128495
128494
128486
128483
128452
128366
128260
127942
127941
127940
127937
127936
127935
127933
127822
127718
127714
127712
