236866 236863 236862 236860 236850 236848 236835 236824 236822 236821 236816
236815 236814 236813 236569 236565 236564 236563 236562 236558 236556 236444
236443 236441  236393 236389 236360 236359 236357 236356 236354 236353 236352
236349 236348 236337 236334 236331 236284 236281 236248 236246 236244 236242
236240 236238 236234 236227 236222 236204 236203 236164 236163 236161 236158
236153 236151 236150 236138 236137 236062 235898 235897 235896 235895 235893
235891 235890 235889 235888 235886 235841 235839 235811 235759 235721 235714
235710 235694 235684 235683 235573 235547 235462 235459 235454 235450 235443
235436 235435 235432 235423 235383 235380 235364 235362 235356 235347 235345
235344 235245 235242 235226 235204 235203 235201 235196
