197388
197387
197386
197351
197349
197348
197342
197341
197302
197300
197299
197298
197297
197296
197260
197258
197256
197255
197254
197248
197247
197189
197184
197153
197152
197150
197149
197148
197147
197145
197144
197143
197142
197139
197138
197099
197098
197094
197092
197091
197090
197089
197084
197031
197027
197015
197012
197011
197003
196974
196973
196972
196967
196965
196876
196874
196870
196869
196774
196773
196772
196722
196721
196720
196714
196706
196703
196702
196701
196648
196646
196608
196605
196601
196568
196566
196564
196563
196535
196533
196528
196477
196475
196474
196433
