0.1 461.143 11.13149 0.02414
0.2 280.196 10.26459 0.03663
0.3 165.79057 9.0957 0.05486
0.4 101.43573 7.78767 0.07677
0.5 64.60143 6.49972 0.10061
0.6 42.45197 5.28486 0.12449
0.7 28.56713 4.24116 0.14846
0.8 19.63587 3.37466 0.17186
0.9 13.70516 2.66382 0.19437
1 9.67862 2.09328 0.21628
1.5 2.18192 0.65185 0.29875
2 0.51451 0.1943 0.37764
2.5 0.13426 0.05847 0.43548
3 0.03721 0.01803 0.48455
3.5 0.0107 0.00564 0.5273
4 0.00319 0.00173 0.54393
4.5 9.57076E-4 5.70928E-4 0.59653
5 2.83438E-4 1.71645E-4 0.60558
