0.05 36.6628 1755.27 0.02089
0.15 34.7532 1165.45 0.02982
0.25 31.3498 684.835 0.04578
0.35 27.2177 408.944 0.06656
0.45 22.8628 254.457 0.08985
0.55 18.7191 163.729 0.11433
0.65 15.0432 108.402 0.13877
0.75 11.9555 73.3438 0.16301
0.85 9.40989 50.5046 0.18632
0.95 7.35664 35.3335 0.20821
1.05 5.73935 25.048 0.22913
1.15 4.47873 17.8993 0.25022
1.25 3.48716 12.91 0.27011
1.35 2.70949 9.41247 0.28786
1.45 2.10704 6.89928 0.3054
1.55 1.63875 5.08542 0.32224
1.65 1.27194 3.77341 0.33708
1.75 0.99844 2.81586 0.35458
1.85 0.77406 2.10437 0.36783
1.95 0.6072 1.58741 0.38251
2.05 0.4728 1.19388 0.39602
2.15 0.36965 0.90352 0.40912
2.25 0.29012 0.68456 0.42381
2.35 0.22566 0.5236 0.43097
2.45 0.17755 0.39947 0.44447
2.5 0.16614 0.37521 0.4428
3 0.04948 0.09989 0.49534
3.5 0.01482 0.02793 0.53052
4 0.00455 0.00794 0.5724
4.5 0.00145 0.00234 0.62034
5 4.39491E-4 7.35333E-4 0.59768
