1.50000000	0.00000000	262500000.00000000	348700000.00000000
2.00000000	81290000.00000000	101100000.00000000	94050000.00000000
2.50000000	35260000.00000000	37870000.00000000	31280000.00000000
3.00000000	19450000.00000000	15690000.00000000	12330000.00000000
3.50000000	10060000.00000000	7182000.00000000	5482000.00000000
4.00000000	5246000.00000000	3543000.00000000	2675000.00000000
4.50000000	2865000.00000000	1880000.00000000	1416000.00000000
5.00000000	1623000.00000000	1048000.00000000	791200.00000000
5.50000000	954600.00000000	619900.00000000	466400.00000000
6.00000000	581500.00000000	379300.00000000	286400.00000000
6.50000000	368000.00000000	240800.00000000	182200.00000000
7.00000000	238300.00000000	158300.00000000	119400.00000000
7.50000000	158500.00000000	106500.00000000	80580.00000000
8.00000000	108000.00000000	73080.00000000	55630.00000000
8.50000000	75190.00000000	51460.00000000	39070.00000000
9.00000000	53430.00000000	36880.00000000	27950.00000000
9.50000000	38180.00000000	26800.00000000	20440.00000000
10.00000000	27940.00000000	19800.00000000	15150.00000000
10.50000000	20690.00000000	14840.00000000	11360.00000000
11.00000000	15580.00000000	11260.00000000	8621.00000000
11.50000000	11850.00000000	8633.00000000	6620.00000000
12.00000000	9113.00000000	6683.00000000	5129.00000000
12.50000000	7044.00000000	5230.00000000	4019.00000000
13.00000000	5542.00000000	4131.00000000	3178.00000000
13.50000000	4377.00000000	3277.00000000	2534.00000000
14.00000000	3484.00000000	2633.00000000	2037.00000000
14.50000000	2797.00000000	2128.00000000	1646.00000000
15.00000000	2254.00000000	1733.00000000	1341.00000000
15.50000000	1833.00000000	1415.00000000	1097.00000000
16.00000000	1500.00000000	1167.00000000	903.10000000
16.50000000	1232.00000000	963.30000000	749.70000000
17.00000000	1021.00000000	801.10000000	625.10000000
17.50000000	850.20000000	669.80000000	523.30000000
18.00000000	710.10000000	562.60000000	439.30000000
18.50000000	594.50000000	474.90000000	370.70000000
19.00000000	502.30000000	402.90000000	314.70000000
19.50000000	423.70000000	342.40000000	268.10000000
20.00000000	360.90000000	293.10000000	228.90000000
20.50000000	307.70000000	250.70000000	196.10000000
21.00000000	263.20000000	215.80000000	168.70000000
21.50000000	227.00000000	186.20000000	145.80000000
22.00000000	195.80000000	160.70000000	126.10000000
22.50000000	169.10000000	139.80000000	109.90000000
23.00000000	146.70000000	121.50000000	95.68000000
23.50000000	127.60000000	106.00000000	83.47000000
24.00000000	111.20000000	92.64000000	73.12000000
24.50000000	97.17000000	81.45000000	64.30000000
25.00000000	85.35000000	71.66000000	56.62000000
25.50000000	74.78000000	63.22000000	49.98000000
26.00000000	66.02000000	55.79000000	44.11000000
26.50000000	58.19000000	49.52000000	39.12000000
27.00000000	51.46000000	43.94000000	34.69000000
27.50000000	45.70000000	38.97000000	30.84000000
28.00000000	40.59000000	34.76000000	27.51000000
28.50000000	36.19000000	31.02000000	24.61000000
29.00000000	32.23000000	27.78000000	22.01000000
29.50000000	28.87000000	24.84000000	19.70000000
30.00000000	25.86000000	22.33000000	17.69000000
30.50000000	23.16000000	20.08000000	15.92000000
31.00000000	20.87000000	18.01000000	14.35000000
31.50000000	18.72000000	16.27000000	12.95000000
32.00000000	16.89000000	14.68000000	11.69000000
32.50000000	15.26000000	13.27000000	10.58000000
33.00000000	13.76000000	12.04000000	9.58400000
33.50000000	12.46000000	10.92000000	8.69600000
34.00000000	11.33000000	9.90900000	7.90600000
34.50000000	10.27000000	9.02100000	7.17800000
35.00000000	9.30800000	8.22000000	6.53700000
35.50000000	8.48100000	7.48900000	5.96200000
36.00000000	7.71800000	6.83400000	5.44400000
36.50000000	7.04200000	6.24300000	4.97100000
37.00000000	6.42900000	5.72100000	4.55600000
37.50000000	5.89800000	5.23400000	4.17500000
38.00000000	5.38900000	4.79500000	3.82000000
38.50000000	4.94100000	4.39100000	3.50600000
39.00000000	4.53400000	4.04400000	3.22100000
39.50000000	4.16300000	3.71100000	2.96700000
40.00000000	3.82900000	3.41900000	2.72900000
40.50000000	3.52700000	3.14800000	2.51600000
41.00000000	3.25500000	2.90400000	2.32500000
41.50000000	2.99400000	2.67900000	2.14600000
42.00000000	2.76200000	2.47300000	1.98200000
42.50000000	2.55200000	2.28800000	1.83200000
43.00000000	2.36000000	2.11800000	1.69600000
43.50000000	2.18600000	1.96300000	1.57100000
44.00000000	2.02100000	1.81800000	1.46000000
44.50000000	1.87300000	1.68800000	1.35400000
45.00000000	1.73700000	1.56600000	1.25500000
45.50000000	1.61400000	1.45700000	1.16700000
46.00000000	1.49600000	1.35400000	1.08300000
46.50000000	1.39000000	1.25800000	1.01100000
47.00000000	1.29300000	1.17300000	0.93970000
47.50000000	1.20300000	1.09300000	0.87460000
48.00000000	1.12100000	1.01900000	0.81630000
48.50000000	1.04500000	0.95030000	0.76140000
49.00000000	0.97430000	0.88670000	0.71130000
49.50000000	0.91120000	0.82890000	0.66390000
50.00000000	0.85120000	0.77420000	0.62160000
50.50000000	0.79540000	0.72460000	0.58180000
51.00000000	0.74480000	0.67860000	0.54470000
51.50000000	0.69720000	0.63470000	0.50960000
52.00000000	0.65240000	0.59400000	0.47820000
52.50000000	0.61320000	0.55790000	0.44760000
53.00000000	0.57280000	0.52270000	0.42070000
53.50000000	0.53860000	0.49150000	0.39510000
54.00000000	0.50510000	0.46070000	0.37100000
54.50000000	0.47550000	0.43290000	0.34800000
55.00000000	0.44520000	0.40680000	0.32770000
55.50000000	0.41870000	0.38290000	0.30820000
56.00000000	0.39390000	0.36040000	0.29020000
56.50000000	0.37120000	0.33900000	0.27320000
57.00000000	0.34940000	0.31970000	0.25770000
57.50000000	0.32940000	0.30090000	0.24260000
58.00000000	0.31000000	0.28400000	0.22910000
58.50000000	0.29190000	0.26790000	0.21580000
59.00000000	0.27540000	0.25260000	0.20380000
59.50000000	0.26020000	0.23850000	0.19240000
60.00000000	0.24550000	0.22540000	0.18170000
60.50000000	0.23180000	0.21300000	0.17180000
61.00000000	0.21940000	0.20140000	0.16260000
61.50000000	0.20710000	0.19040000	0.15370000
62.00000000	0.19610000	0.18050000	0.14540000
62.50000000	0.18570000	0.17100000	0.13770000
63.00000000	0.17540000	0.16160000	0.13040000
63.50000000	0.16630000	0.15340000	0.12330000
64.00000000	0.15750000	0.14530000	0.11700000
64.50000000	0.14940000	0.13780000	0.11110000
65.00000000	0.14170000	0.13060000	0.10530000
65.50000000	0.13430000	0.12390000	0.09991000
66.00000000	0.12760000	0.11750000	0.09475000
66.50000000	0.12100000	0.11160000	0.08992000
67.00000000	0.11510000	0.10600000	0.08535000
67.50000000	0.10920000	0.10070000	0.08123000
68.00000000	0.10390000	0.09568000	0.07721000
68.50000000	0.09873000	0.09094000	0.07345000
69.00000000	0.09391000	0.08650000	0.06984000
69.50000000	0.08925000	0.08229000	0.06645000
70.00000000	0.08504000	0.07834000	0.06332000
70.50000000	0.08076000	0.07454000	0.06022000
71.00000000	0.07703000	0.07097000	0.05737000
71.50000000	0.07329000	0.06761000	0.05476000
72.00000000	0.06989000	0.06436000	0.05214000
72.50000000	0.06663000	0.06143000	0.04966000
73.00000000	0.06350000	0.05864000	0.04738000
73.50000000	0.06049000	0.05581000	0.04520000
74.00000000	0.05781000	0.05328000	0.04314000
74.50000000	0.05513000	0.05087000	0.04117000
75.00000000	0.05262000	0.04859000	0.03933000
75.50000000	0.05020000	0.04636000	0.03749000
76.00000000	0.04795000	0.04426000	0.03586000
76.50000000	0.04587000	0.04238000	0.03432000
77.00000000	0.04376000	0.04035000	0.03273000
77.50000000	0.04196000	0.03859000	0.03128000
78.00000000	0.04011000	0.03693000	0.02991000
78.50000000	0.03827000	0.03532000	0.02866000
79.00000000	0.03661000	0.03382000	0.02738000
79.50000000	0.03502000	0.03235000	0.02622000
80.00000000	0.03353000	0.03097000	0.02513000
80.50000000	0.03214000	0.02966000	0.02403000
81.00000000	0.03072000	0.02840000	0.02301000
81.50000000	0.02938000	0.02720000	0.02204000
82.00000000	0.02824000	0.02610000	0.02114000
82.50000000	0.02699000	0.02499000	0.02026000
83.00000000	0.02592000	0.02398000	0.01939000
83.50000000	0.02480000	0.02299000	0.01860000
84.00000000	0.02381000	0.02202000	0.01784000
84.50000000	0.02285000	0.02113000	0.01711000
85.00000000	0.02191000	0.02029000	0.01642000
85.50000000	0.02100000	0.01945000	0.01579000
86.00000000	0.02018000	0.01870000	0.01515000
86.50000000	0.01937000	0.01791000	0.01454000
87.00000000	0.01861000	0.01720000	0.01396000
87.50000000	0.01788000	0.01653000	0.01340000
88.00000000	0.01718000	0.01589000	0.01287000
88.50000000	0.01650000	0.01527000	0.01237000
89.00000000	0.01587000	0.01468000	0.01189000
89.50000000	0.01525000	0.01409000	0.01144000
90.00000000	0.01467000	0.01354000	0.01100000
90.50000000	0.01409000	0.01304000	0.01058000
91.00000000	0.01356000	0.01254000	0.01017000
91.50000000	0.01306000	0.01207000	0.00978900
92.00000000	0.01256000	0.01160000	0.00940800
92.50000000	0.01211000	0.01119000	0.00906900
93.00000000	0.01164000	0.01075000	0.00872400
93.50000000	0.01122000	0.01035000	0.00840300
94.00000000	0.01079000	0.00997300	0.00808800
94.50000000	0.01037000	0.00960300	0.00780400
95.00000000	0.01003000	0.00925200	0.00751100
95.50000000	0.00965000	0.00890500	0.00723400
96.00000000	0.00930900	0.00859100	0.00697600
96.50000000	0.00896800	0.00828300	0.00671900
97.00000000	0.00864200	0.00798500	0.00647700
97.50000000	0.00833700	0.00768400	0.00625600
98.00000000	0.00803400	0.00741900	0.00602700
98.50000000	0.00775900	0.00715500	0.00581200
99.00000000	0.00747100	0.00690300	0.00560700
99.50000000	0.00720900	0.00666200	0.00541400
100.00000000	0.00696400	0.00642600	0.00522700
