1.5	0	658600000	677100000
2	221900000	208800000	169300000
2.5	88410000	71560000	54030000
3	42210000	28120000	20770000
3.5	19920000	12400000	9080000
4	9774000	5939000	4378000
4.5	5101000	3081000	2294000
5	2778000	1686000	1272000
5.5	1589000	984700	744500
6	944800	596500	454500
6.5	583900	375000	287700
7	371100	244800	187700
7.5	242200	163600	126300
8	162900	111700	86990
8.5	111800	78140	60920
9	78590	55830	43500
9.5	55430	40390	31750
10	40180	29760	23480
10.5	29550	22230	17580
11	22060	16830	13330
11.5	16690	12870	10220
12	12760	9948	7915
12.5	9807	7772	6197
13	7665	6130	4895
13.5	6055	4854	3902
14	4792	3897	3135
14.5	3838	3146	2532
15	3081	2560	2063
15.5	2498	2089	1687
16	2039	1722	1388
16.5	1671	1421	1153
17	1384	1182	960.7
17.5	1151	987.8	804.3
18	960.3	829.5	675.4
18.5	802	699.8	570
19	676.9	593.8	484
19.5	570.6	504.5	412.5
20	485.6	432.1	352.1
20.5	414.1	369.4	301.8
21	354.6	318.3	259.7
21.5	305	274.7	224.6
22	263.5	237	194.4
22.5	227.4	206.4	169.4
23	197.4	179.5	147.5
23.5	171.7	156.6	128.7
24	149.7	137	112.9
24.5	130.9	120.6	99.3
25	115	106.1	87.46
25.5	100.9	93.65	77.27
26	89.16	82.7	68.24
26.5	78.67	73.47	60.57
27	69.6	65.23	53.74
27.5	61.84	57.9	47.8
28	54.98	51.69	42.69
28.5	49.06	46.13	38.22
29	43.77	41.35	34.21
29.5	39.19	37.02	30.63
30	35.2	33.29	27.53
30.5	31.54	29.97	24.79
31	28.44	26.92	22.36
31.5	25.58	24.33	20.2
32	23.11	21.97	18.24
32.5	20.89	19.88	16.53
33	18.86	18.06	14.98
33.5	17.1	16.4	13.61
34	15.6	14.89	12.38
34.5	14.15	13.56	11.25
35	12.85	12.38	10.26
35.5	11.72	11.28	9.362
36	10.69	10.3	8.558
36.5	9.765	9.423	7.821
37	8.923	8.646	7.176
37.5	8.197	7.917	6.582
38	7.507	7.262	6.029
38.5	6.89	6.656	5.537
39	6.335	6.137	5.091
39.5	5.826	5.638	4.695
40	5.366	5.202	4.323
40.5	4.956	4.794	3.989
41	4.577	4.427	3.69
41.5	4.218	4.089	3.408
42	3.896	3.778	3.15
42.5	3.605	3.499	2.915
43	3.339	3.242	2.702
43.5	3.102	3.008	2.506
44	2.871	2.79	2.33
44.5	2.668	2.593	2.164
45	2.478	2.408	2.008
45.5	2.305	2.243	1.868
46	2.141	2.087	1.737
46.5	1.991	1.941	1.622
47	1.857	1.813	1.51
47.5	1.73	1.69	1.406
48	1.616	1.579	1.314
48.5	1.509	1.473	1.227
49	1.41	1.376	1.147
49.5	1.32	1.288	1.072
50	1.235	1.205	1.005
50.5	1.156	1.129	0.9415
51	1.085	1.058	0.8825
51.5	1.016	0.9909	0.8267
52	0.9534	0.9283	0.7764
52.5	0.8974	0.873	0.7273
53	0.8395	0.819	0.6844
53.5	0.7908	0.771	0.6435
54	0.7429	0.7235	0.605
54.5	0.7003	0.681	0.5679
55	0.6571	0.6405	0.5354
55.5	0.619	0.6037	0.5041
56	0.5832	0.5688	0.4751
56.5	0.5504	0.5357	0.4477
57	0.5193	0.5057	0.4229
57.5	0.4903	0.4767	0.3987
58	0.4623	0.4503	0.3767
58.5	0.436	0.4253	0.3553
59	0.4123	0.4015	0.3358
59.5	0.3901	0.3796	0.3174
60	0.3685	0.3591	0.3
60.5	0.3486	0.3396	0.284
61	0.3305	0.3217	0.2692
61.5	0.3126	0.3045	0.2546
62	0.2964	0.2889	0.2411
62.5	0.2813	0.2741	0.2286
63	0.2662	0.2593	0.2167
63.5	0.2525	0.2464	0.2053
64	0.2398	0.2337	0.195
64.5	0.2278	0.2218	0.1853
65	0.2163	0.2105	0.1759
65.5	0.2055	0.1999	0.167
66	0.1955	0.1899	0.1586
66.5	0.1857	0.1805	0.1506
67	0.1768	0.1718	0.1431
67.5	0.1681	0.1633	0.1364
68	0.1601	0.1554	0.1298
68.5	0.1524	0.1479	0.1236
69	0.1452	0.1408	0.1176
69.5	0.1383	0.1341	0.1121
70	0.1319	0.1278	0.1069
70.5	0.1255	0.1218	0.1018
71	0.1198	0.1161	0.09707
71.5	0.1142	0.1107	0.09273
72	0.1091	0.1055	0.0884
72.5	0.1041	0.1008	0.08428
73	0.09943	0.09637	0.0805
73.5	0.09486	0.09183	0.07687
74	0.09076	0.08776	0.07346
74.5	0.08668	0.0839	0.07017
75	0.08288	0.08023	0.06711
75.5	0.07919	0.07666	0.06404
76	0.07579	0.07325	0.0613
76.5	0.07256	0.07023	0.05874
77	0.06936	0.06697	0.05608
77.5	0.06662	0.0641	0.05365
78	0.06378	0.06141	0.05136
78.5	0.06094	0.05879	0.04926
79	0.05838	0.05637	0.04711
79.5	0.05593	0.05398	0.04516
80	0.05361	0.05173	0.04333
80.5	0.05148	0.04959	0.04149
81	0.04928	0.04754	0.03977
81.5	0.0472	0.04558	0.03813
82	0.04545	0.04379	0.03661
82.5	0.04349	0.04198	0.03512
83	0.04185	0.04033	0.03365
83.5	0.04007	0.03871	0.03231
84	0.03854	0.0371	0.03103
84.5	0.03705	0.03565	0.02979
85	0.03557	0.03427	0.02862
85.5	0.03414	0.0329	0.02754
86	0.03285	0.03165	0.02645
86.5	0.03158	0.03035	0.02541
87	0.03039	0.02919	0.02443
87.5	0.02923	0.02808	0.02348
88	0.02812	0.02701	0.02257
88.5	0.02706	0.02598	0.02171
89	0.02606	0.02502	0.02089
89.5	0.02506	0.02405	0.02012
90	0.02414	0.02313	0.01937
90.5	0.02323	0.02231	0.01863
91	0.02239	0.02147	0.01795
91.5	0.02158	0.02068	0.01728
92	0.02079	0.01991	0.01663
92.5	0.02007	0.01921	0.01604
93	0.01931	0.01848	0.01545
93.5	0.01865	0.01781	0.0149
94	0.01795	0.01718	0.01435
94.5	0.01728	0.01656	0.01386
95	0.01673	0.01598	0.01335
95.5	0.01612	0.0154	0.01288
96	0.01557	0.01487	0.01243
96.5	0.01501	0.01435	0.01198
97	0.01449	0.01385	0.01156
97.5	0.01399	0.01334	0.01118
98	0.0135	0.01289	0.01078
98.5	0.01306	0.01245	0.0104
99	0.01259	0.01202	0.01004
99.5	0.01216	0.01161	0.009712
100	0.01177	0.01121	0.009384

