 -8.000E-01  8.000E-01  1.500E+00  2.648E+08
 -8.000E-01  8.000E-01  2.000E+00  1.010E+08
 -8.000E-01  8.000E-01  2.500E+00  3.789E+07
 -8.000E-01  8.000E-01  3.000E+00  1.568E+07
 -8.000E-01  8.000E-01  3.500E+00  7.141E+06
 -8.000E-01  8.000E-01  4.000E+00  3.534E+06
 -8.000E-01  8.000E-01  4.500E+00  1.874E+06
 -8.000E-01  8.000E-01  5.000E+00  1.048E+06
 -8.000E-01  8.000E-01  5.500E+00  6.193E+05
 -8.000E-01  8.000E-01  6.000E+00  3.793E+05
 -8.000E-01  8.000E-01  6.500E+00  2.416E+05
 -8.000E-01  8.000E-01  7.000E+00  1.584E+05
 -8.000E-01  8.000E-01  7.500E+00  1.065E+05
 -8.000E-01  8.000E-01  8.000E+00  7.306E+04
 -8.000E-01  8.000E-01  8.500E+00  5.138E+04
 -8.000E-01  8.000E-01  9.000E+00  3.694E+04
 -8.000E-01  8.000E-01  9.500E+00  2.681E+04
 -8.000E-01  8.000E-01  1.000E+01  1.980E+04
 -8.000E-01  8.000E-01  1.050E+01  1.482E+04
 -8.000E-01  8.000E-01  1.100E+01  1.125E+04
 -8.000E-01  8.000E-01  1.150E+01  8.641E+03
 -8.000E-01  8.000E-01  1.200E+01  6.693E+03
 -8.000E-01  8.000E-01  1.250E+01  5.228E+03
 -8.000E-01  8.000E-01  1.300E+01  4.129E+03
 -8.000E-01  8.000E-01  1.350E+01  3.281E+03
 -8.000E-01  8.000E-01  1.400E+01  2.632E+03
 -8.000E-01  8.000E-01  1.450E+01  2.129E+03
 -8.000E-01  8.000E-01  1.500E+01  1.728E+03
 -8.000E-01  8.000E-01  1.550E+01  1.417E+03
 -8.000E-01  8.000E-01  1.600E+01  1.166E+03
 -8.000E-01  8.000E-01  1.650E+01  9.624E+02
 -8.000E-01  8.000E-01  1.700E+01  8.020E+02
 -8.000E-01  8.000E-01  1.750E+01  6.696E+02
 -8.000E-01  8.000E-01  1.800E+01  5.632E+02
 -8.000E-01  8.000E-01  1.850E+01  4.748E+02
 -8.000E-01  8.000E-01  1.900E+01  4.030E+02
 -8.000E-01  8.000E-01  1.950E+01  3.427E+02
 -8.000E-01  8.000E-01  2.000E+01  2.926E+02
 -8.000E-01  8.000E-01  2.050E+01  2.511E+02
 -8.000E-01  8.000E-01  2.100E+01  2.152E+02
 -8.000E-01  8.000E-01  2.150E+01  1.863E+02
 -8.000E-01  8.000E-01  2.200E+01  1.609E+02
 -8.000E-01  8.000E-01  2.250E+01  1.395E+02
 -8.000E-01  8.000E-01  2.300E+01  1.216E+02
 -8.000E-01  8.000E-01  2.350E+01  1.061E+02
 -8.000E-01  8.000E-01  2.400E+01  9.273E+01
 -8.000E-01  8.000E-01  2.450E+01  8.136E+01
 -8.000E-01  8.000E-01  2.500E+01  7.163E+01
 -8.000E-01  8.000E-01  2.550E+01  6.316E+01
 -8.000E-01  8.000E-01  2.600E+01  5.590E+01
 -8.000E-01  8.000E-01  2.650E+01  4.946E+01
 -8.000E-01  8.000E-01  2.700E+01  4.389E+01
 -8.000E-01  8.000E-01  2.750E+01  3.908E+01
 -8.000E-01  8.000E-01  2.800E+01  3.478E+01
 -8.000E-01  8.000E-01  2.850E+01  3.101E+01
 -8.000E-01  8.000E-01  2.900E+01  2.773E+01
 -8.000E-01  8.000E-01  2.950E+01  2.488E+01
 -8.000E-01  8.000E-01  3.000E+01  2.232E+01
 -8.000E-01  8.000E-01  3.050E+01  2.003E+01
 -8.000E-01  8.000E-01  3.100E+01  1.806E+01
 -8.000E-01  8.000E-01  3.150E+01  1.624E+01
 -8.000E-01  8.000E-01  3.200E+01  1.470E+01
 -8.000E-01  8.000E-01  3.250E+01  1.328E+01
 -8.000E-01  8.000E-01  3.300E+01  1.202E+01
 -8.000E-01  8.000E-01  3.350E+01  1.092E+01
 -8.000E-01  8.000E-01  3.400E+01  9.917E+00
 -8.000E-01  8.000E-01  3.450E+01  9.030E+00
 -8.000E-01  8.000E-01  3.500E+01  8.203E+00
 -8.000E-01  8.000E-01  3.550E+01  7.497E+00
 -8.000E-01  8.000E-01  3.600E+01  6.840E+00
 -8.000E-01  8.000E-01  3.650E+01  6.244E+00
 -8.000E-01  8.000E-01  3.700E+01  5.706E+00
 -8.000E-01  8.000E-01  3.750E+01  5.241E+00
 -8.000E-01  8.000E-01  3.800E+01  4.795E+00
 -8.000E-01  8.000E-01  3.850E+01  4.396E+00
 -8.000E-01  8.000E-01  3.900E+01  4.037E+00
 -8.000E-01  8.000E-01  3.950E+01  3.713E+00
 -8.000E-01  8.000E-01  4.000E+01  3.419E+00
 -8.000E-01  8.000E-01  4.050E+01  3.147E+00
 -8.000E-01  8.000E-01  4.100E+01  2.907E+00
 -8.000E-01  8.000E-01  4.150E+01  2.679E+00
 -8.000E-01  8.000E-01  4.200E+01  2.477E+00
 -8.000E-01  8.000E-01  4.250E+01  2.289E+00
 -8.000E-01  8.000E-01  4.300E+01  2.119E+00
 -8.000E-01  8.000E-01  4.350E+01  1.963E+00
 -8.000E-01  8.000E-01  4.400E+01  1.818E+00
 -8.000E-01  8.000E-01  4.450E+01  1.688E+00
 -8.000E-01  8.000E-01  4.500E+01  1.567E+00
 -8.000E-01  8.000E-01  4.550E+01  1.455E+00
 -8.000E-01  8.000E-01  4.600E+01  1.352E+00
 -8.000E-01  8.000E-01  4.650E+01  1.258E+00
 -8.000E-01  8.000E-01  4.700E+01  1.172E+00
 -8.000E-01  8.000E-01  4.750E+01  1.092E+00
 -8.000E-01  8.000E-01  4.800E+01  1.019E+00
 -8.000E-01  8.000E-01  4.850E+01  9.501E-01
 -8.000E-01  8.000E-01  4.900E+01  8.860E-01
 -8.000E-01  8.000E-01  4.950E+01  8.289E-01
 -8.000E-01  8.000E-01  5.000E+01  7.748E-01
 -8.000E-01  8.000E-01  5.050E+01  7.245E-01
 -8.000E-01  8.000E-01  5.100E+01  6.783E-01
 -8.000E-01  8.000E-01  5.150E+01  6.352E-01
 -8.000E-01  8.000E-01  5.200E+01  5.949E-01
 -8.000E-01  8.000E-01  5.250E+01  5.582E-01
 -8.000E-01  8.000E-01  5.300E+01  5.235E-01
 -8.000E-01  8.000E-01  5.350E+01  4.911E-01
 -8.000E-01  8.000E-01  5.400E+01  4.609E-01
 -8.000E-01  8.000E-01  5.450E+01  4.334E-01
 -8.000E-01  8.000E-01  5.500E+01  4.067E-01
 -8.000E-01  8.000E-01  5.550E+01  3.826E-01
 -8.000E-01  8.000E-01  5.600E+01  3.600E-01
 -8.000E-01  8.000E-01  5.650E+01  3.390E-01
 -8.000E-01  8.000E-01  5.700E+01  3.191E-01
 -8.000E-01  8.000E-01  5.750E+01  3.012E-01
 -8.000E-01  8.000E-01  5.800E+01  2.837E-01
 -8.000E-01  8.000E-01  5.850E+01  2.676E-01
 -8.000E-01  8.000E-01  5.900E+01  2.527E-01
 -8.000E-01  8.000E-01  5.950E+01  2.386E-01
 -8.000E-01  8.000E-01  6.000E+01  2.252E-01
 -8.000E-01  8.000E-01  6.050E+01  2.130E-01
 -8.000E-01  8.000E-01  6.100E+01  2.016E-01
 -8.000E-01  8.000E-01  6.150E+01  1.906E-01
 -8.000E-01  8.000E-01  6.200E+01  1.804E-01
 -8.000E-01  8.000E-01  6.250E+01  1.707E-01
 -8.000E-01  8.000E-01  6.300E+01  1.616E-01
 -8.000E-01  8.000E-01  6.350E+01  1.533E-01
 -8.000E-01  8.000E-01  6.400E+01  1.451E-01
 -8.000E-01  8.000E-01  6.450E+01  1.377E-01
 -8.000E-01  8.000E-01  6.500E+01  1.306E-01
 -8.000E-01  8.000E-01  6.550E+01  1.238E-01
 -8.000E-01  8.000E-01  6.600E+01  1.175E-01
 -8.000E-01  8.000E-01  6.650E+01  1.115E-01
 -8.000E-01  8.000E-01  6.700E+01  1.060E-01
 -8.000E-01  8.000E-01  6.750E+01  1.006E-01
 -8.000E-01  8.000E-01  6.800E+01  9.578E-02
 -8.000E-01  8.000E-01  6.850E+01  9.092E-02
 -8.000E-01  8.000E-01  6.900E+01  8.656E-02
 -8.000E-01  8.000E-01  6.950E+01  8.229E-02
 -8.000E-01  8.000E-01  7.000E+01  7.841E-02
 -8.000E-01  8.000E-01  7.050E+01  7.447E-02
 -8.000E-01  8.000E-01  7.100E+01  7.103E-02
 -8.000E-01  8.000E-01  7.150E+01  6.762E-02
 -8.000E-01  8.000E-01  7.200E+01  6.439E-02
 -8.000E-01  8.000E-01  7.250E+01  6.143E-02
 -8.000E-01  8.000E-01  7.300E+01  5.857E-02
 -8.000E-01  8.000E-01  7.350E+01  5.579E-02
 -8.000E-01  8.000E-01  7.400E+01  5.329E-02
 -8.000E-01  8.000E-01  7.450E+01  5.086E-02
 -8.000E-01  8.000E-01  7.500E+01  4.853E-02
 -8.000E-01  8.000E-01  7.550E+01  4.635E-02
 -8.000E-01  8.000E-01  7.600E+01  4.422E-02
 -8.000E-01  8.000E-01  7.650E+01  4.231E-02
 -8.000E-01  8.000E-01  7.700E+01  4.039E-02
 -8.000E-01  8.000E-01  7.750E+01  3.869E-02
 -8.000E-01  8.000E-01  7.800E+01  3.696E-02
 -8.000E-01  8.000E-01  7.850E+01  3.532E-02
 -8.000E-01  8.000E-01  7.900E+01  3.380E-02
 -8.000E-01  8.000E-01  7.950E+01  3.235E-02
 -8.000E-01  8.000E-01  8.000E+01  3.098E-02
 -8.000E-01  8.000E-01  8.050E+01  2.970E-02
 -8.000E-01  8.000E-01  8.100E+01  2.837E-02
 -8.000E-01  8.000E-01  8.150E+01  2.718E-02
 -8.000E-01  8.000E-01  8.200E+01  2.610E-02
 -8.000E-01  8.000E-01  8.250E+01  2.498E-02
 -8.000E-01  8.000E-01  8.300E+01  2.397E-02
 -8.000E-01  8.000E-01  8.350E+01  2.296E-02
 -8.000E-01  8.000E-01  8.400E+01  2.203E-02
 -8.000E-01  8.000E-01  8.450E+01  2.113E-02
 -8.000E-01  8.000E-01  8.500E+01  2.026E-02
 -8.000E-01  8.000E-01  8.550E+01  1.944E-02
 -8.000E-01  8.000E-01  8.600E+01  1.867E-02
 -8.000E-01  8.000E-01  8.650E+01  1.793E-02
 -8.000E-01  8.000E-01  8.700E+01  1.723E-02
 -8.000E-01  8.000E-01  8.750E+01  1.653E-02
 -8.000E-01  8.000E-01  8.800E+01  1.589E-02
 -8.000E-01  8.000E-01  8.850E+01  1.527E-02
 -8.000E-01  8.000E-01  8.900E+01  1.468E-02
 -8.000E-01  8.000E-01  8.950E+01  1.411E-02
 -8.000E-01  8.000E-01  9.000E+01  1.356E-02
 -8.000E-01  8.000E-01  9.050E+01  1.303E-02
 -8.000E-01  8.000E-01  9.100E+01  1.253E-02
 -8.000E-01  8.000E-01  9.150E+01  1.207E-02
 -8.000E-01  8.000E-01  9.200E+01  1.161E-02
 -8.000E-01  8.000E-01  9.250E+01  1.119E-02
 -8.000E-01  8.000E-01  9.300E+01  1.076E-02
 -8.000E-01  8.000E-01  9.350E+01  1.037E-02
 -8.000E-01  8.000E-01  9.400E+01  9.968E-03
 -8.000E-01  8.000E-01  9.450E+01  9.587E-03
 -8.000E-01  8.000E-01  9.500E+01  9.250E-03
 -8.000E-01  8.000E-01  9.550E+01  8.910E-03
 -8.000E-01  8.000E-01  9.600E+01  8.595E-03
 -8.000E-01  8.000E-01  9.650E+01  8.278E-03
 -8.000E-01  8.000E-01  9.700E+01  7.973E-03
 -8.000E-01  8.000E-01  9.750E+01  7.693E-03
 -8.000E-01  8.000E-01  9.800E+01  7.420E-03
 -8.000E-01  8.000E-01  9.850E+01  7.154E-03
 -8.000E-01  8.000E-01  9.900E+01  6.893E-03
 -8.000E-01  8.000E-01  9.950E+01  6.652E-03
 -8.000E-01  8.000E-01  1.000E+02  6.420E-03
