280282
280283
280284
280285
280286
280310
280348
280349
280350
280351
280352
280374
280375
280403
280412
280413
280415
280418
280419
280443
280445
280446
280447
280448
280518
280519
280546
280547
280550
280551
280574
280575
280576
280581
280583
280613
280634
280636
280637
280647
280648
280650
280671
280673
280676
280679
280705
280706
280729
280753
280754
280755
280756
280757
280761
280762
280763
280764
280765
280766
280767
280768
280786
280787
280793
280842
280844
280845
280847
280848
280849
280854
280856
280880
280881
280897
280936
280943
280947
280994
280996
280997
280998
280999
281032
281033
281035
281036
281060
281061
281062
281079
281080
281081
281179
281180
281181
281186
281187
281188
281189
281190
281191
281212
281213
281240
281241
281242
281243
281244
281271
281273
281275
281277
281301
281321
281350
281415
281443
281444
281446
281449
281450
281509
281511
281562
281563
281568
281569
281574
281580
281583
281592
281633
281634
281635
281638
281641
281653
281665
281668
281671
281705
281706
281707
281713
281750
281751
281753
281755
281756
281892
281893
281894
281895
281915
281916
281918
281919
281920
281928
281931
281932
281939
281940
281961
