130850
130848
130847
130844
130842
130840
130834
130799
130798
130795
130793
130704
130696
130628
130526
130524
130520
130519
130517
130481
130480
130479
130342
130178
130172
130168
130158
130157
130149
129983
129966
129962
129961
129960
129744
129742
129738
129736
129735
129734
129729
129726
129725
129723
129666
129659
129653
129652
129651
129650
129647
129641
129639
129599
129587
129586
129540
129536
129528
129527
129525
129524
129523
129521
129520
129519
129516
129515
129514
129513
129042
128913
128855
128853
128850
128843
128836
128835
128833
128824
128823
128820
128819
128778
128777
128678
128677
128621
128615
128611
128609
128605
128596
128594
128592
128582
128506
128505
128504
128503
128498
128495
128494
128486
128452
128366
