126437
126432
126425
126424
126422
126409
126408
126407
126406
126405
126404
126403
126359
126352
126351
126350
126285
126284
126283
126177
126168
126167
126160
126158
126097
126090
126088
126086
126082
126081
126078
126073
126008
126007
126004
125855
125851
125850
125849
125848
125847
125844
125843
125842
125634
125633
125632
125630
125628
125296
125295
125186
125156
125140
125139
125134
125133
125131
125101
125100
125097
125085
125083
125078
125077
125076
125023
124886
124850
124751
124750
124746
124745
124744
124743
124739
124738
124702
124693
124608
124607
124606
124605
124604
124602
124600
124400
124388
124385
124383
124381
124380
124378
124374
124371
124367
124364
124362
124360
124358
124355
124191
124187
122375
122374
122372
