289240
289242
289243
289253
289275
289276
289277
289278
289280
289281
289300
289303
289306
289308
289309
289354
289355
289356
289365
289366
289367
289368
289369
289370
289373
289374
289426
289444
289462
289463
289465
289468
289493
289494
289521
289547
289574
289576
289577
289582
289625
289632
289634
289657
289658
289659
289660
289664
289666
289721
289729
289731
289732
289757
289775
289808
289811
289815
289816
289817
289818
289830
289849
289854
289855
289856
289857
289879
289880
289884
289928
289935
289940
289943
289965
289971
