256504
256506
256510
256512
256514
256552
256554
256556
256560
256561
256562
256564
256565
256567
256589
256591
256619
256620
256658
256676
256677
256681
256684
256691
256692
256694
256695
256697
256941
256942
256944
257011
257012
257021
257026
257077
257080
257082
257083
257084
257092
257100
257136
257137
257138
257139
257140
257141
257142
257144
257145
257204
257206
257209
257224
257260
257320
257457
257474
257487
257490
257491
257492
257530
257531
257537
257539
257540
257541
257560
257561
257562
257566
257587
257590
257594
257605
257606
257642
257682
257687
257689
257691
257692
257694
257697
257724
257733
257734
257735
257737
257754
257765
257773
257797
257798
257799
257800
257803
257850
257855
257892
257893
257936
257937
257939
257957
257958
257960
257963
258012
258014
258017
258019
258042
258045
258048
258049
258059
258062
258063
258107
258108
258109
258113
258114
258117
258178
258197
258198
258202
258203
258204
258256
258257
258258
258270
258271
258273
258274
258278
258299
258336
258359
258387
258393
258426
258454
258456
258477
258499
258537
