121040
121039
120829
120825
120824
120823
120822
120821
120820
120818
120758
120750
120744
120742
120741
120672
120671
120617
120616
120614
120613
120611
120505
120504
120503
120244
120242
120079
120076
120073
120072
120069
120067
120066
120064
119999
119971
119969
119965
119961
119959
119952
119948
119941
119935
119926
119924
119923
119913
119909
119907
119904
119862
119859
119856
119853
119849
119846
119845
119844
119842
119841
119838
119163
119161
119159
119156
119086
119085
119084
119079
119077
119067
119061
119057
119055
119047
119041
119037
118561
118560
118558
118557
118556
118518
118512
118507
118506
118504
118503
