266405
266437
266438
266439
266441
266470
266472
266477
266479
266480
266514
266516
266518
266520
266522
266523
266525
266526
266534
266539
266543
266549
266584
266585
266587
266588
266590
266591
266592
266595
266596
266614
266615
266617
266618
266619
266621
266625
266628
266630
266657
266658
266659
266665
266668
266669
266700
266702
266703
266706
266708
266775
266776
266800
266805
266807
266808
266857
266878
266880
266881
266882
266883
266885
266886
266912
266915
266940
266942
266943
266944
266988
266993
266994
266997
266998
267020
267060
267061
267062
267067
267070
267072
267077
267081
267109
267110
267130
267131
