264035
264033
263985
263984
263981
263979
263978
263977
263923
263920
263917
263916
263905
263866
263863
263861
263810
263803
263793
263792
263790
263787
263786
263785
263784
263744
263743
263741
263739
263738
263737
263691
263690
263689
263682
263663
263662
263657
263654
263653
263652
263647
263529
263497
263496
263490
263487
263332
263331
262858
262855
262853
262849
262847
262844
262842
262841
262778
262777
262776
262768
262760
262727
262725
262723
262719
262717
262713
262708
262706
262705
262635
262632
262628
262624
262594
262593
262583
262578
262574
262572
262571
262570
262569
262568
262567
262563
262537
262533
262532
262528
262492
262490
262489
262487
262451
262450
262430
262428
262426
262425
262424
