244917
244918
244975
244980
244982
244983
245061
245064
245066
245068
245145
245146
245151
245152
245231
245232
245683
245692
245700
245702
245705
245738
245775
245793
245829
245831
245833
245923
245949
245952
245954
246001
246003
246012
246036
246037
246042
246048
246049
246052
246053
246087
246089
246113
246115
246151
246152
246153
246178
246180
246181
246182
246185
246217
246222
246225
246271
246272
246275
246276
246390
246391
246392
246424
246428
246431
246434
246487
246488
246493
246495
246750
246751
246757
246758
246759
246760
246763
246765
246766
246804
246805
246807
246808
246809
246810
246844
246845
246846
246847
246851
246928
246945
246948
246980
246982
246984
246989
246991
246994
