239396
239401
239402
239404
239407
239409
239519
239696
239701
239717
240069
240072
240376
240380
240381
240382
240392
240394
240398
240404
240406
240408
240409
240411
240412
240434
240440
240443
240444
240447
240450
240610
240612
240845
240854
240860
240864
240872
240874
240875
240880
241001
241010
241014
241021
241043
241050
241054
241055
241056
241057
241062
241069
241141
241144
241257
241267
241268
241269
241281
241288
241295
241296
241354
241360
241361
241393
241396
241407
241521
241523
241531
241544
