278915
278936
278939
278941
278959
278960
278963
278964
278999
279000
279005
279007
279008
279035
279036
279041
279043
279044
279068
279069
279073
279074
279075
279106
279107
279117
279118
279122
279123
279130
279155
279157
279199
279201
279207
279208
279232
279234
279235
279242
279264
279265
279267
279268
279270
279273
279274
279309
279310
279312
279342
279344
279348
279354
279355
279391
279410
279439
279441
279483
279487
279491
279550
279559
279560
279561
279583
279597
279598
279600
279602
279632
279641
279642
279676
279677
279682
279683
279687
279688
279689
279718
279719
279747
279749
279773
279826
279853
279854
279855
279879
279880
279884
279886
279889
279890
279893
279952
279954
279955
279956
279957
279958
279963
279965
279979
279980
279981
279982
279984
280046
280047
280049
280051
280052
280066
280107
280108
280111
280114
280126
280131
280134
280140
