167987
167988
168310
168311
168322
168325
168341
168342
168361
168362
168458
168460
168464
168467
168511
168512
168514
168777
168826
168984
168988
168992
169035
169091
169094
169099
169138
169143
169144
169145
169148
169156
169160
169167
169238
169411
169415
169417
169418
169419
169420
169475
169498
169504
169506
169512
169515
169550
169553
169554
169555
169557
169584
169586
169587
169588
169590
169591
169835
169837
169846
169855
169858
169859
169923
169965
169975
169981
170027
170036
170038
170040
170083
170085
170152
170155
170159
170163
170193
170195
170203
170204
170207
170208
170228
170230
170268
170269
170270
170306
170308
170309
170311
170312
170313
170315
170387
170388
170572
170593
