195344
195346
195351
195389
195390
195391
195478
195479
195480
195481
195482
195483
195529
195531
195532
195566
195567
195568
195592
195593
195596
195633
195635
195644
195673
195675
195677
195681
195682
195721
195724
195725
195726
195727
195760
195761
195765
195767
195783
195787
195829
195830
195831
195867
195869
195871
195872
195873
196535
196563
196566
196568
196608
196646
196648
196701
196702
196703
196706
196714
196720
196721
196973
196974
197003
197011
197012
197015
197027
197031
197089
197091
197092
197094
197098
197099
197138
197152
197153
197184
197189
197247
197254
197255
197256
197258
197260
197296
197297
197298
197299
197300
197302
197341
197342
