115393
115399
115401
116102
116288
116402
116403
116643
116645
117050
117052
117053
117059
117060
117063
117099
117109
117112
117116
117220
117222
119159
119161
119163
119841
119842
119844
119845
119846
119853
119856
119859
119862
120067
120069
120072
120076
120079
120244
120503
120504
120505
120616
120617
120671
120741
120820
120821
120822
120823
120824
120825
120829
122374
122375
125630
125632
125633
125842
125843
125844
125847
125848
125849
125850
125851
125855
126004
126007
126008
126073
126078
126081
126082
126088
126090
126097
126158
126160
126167
126168
126284
126285
126351
126352
126359
126403
126404
126405
126406
126407
126408
126409
126422
126424
126425
126432
128486
128494
128495
128498
128503
128504
128505
128506
128582
128590
128592
128594
128596
128605
128609
128611
128615
128621
128677
128678
128777
128778
128819
128820
128823
128824
128833
128834
128835
128836
128843
128850
128853
128855
128913
129042
129512
129513
129514
129515
129516
129519
129520
129521
129523
129524
129525
129527
129528
129536
129540
129586
129587
129599
129639
129641
129647
129650
129651
129652
129653
129659
129666
129723
129726
129729
129734
129735
129736
129738
129742
129744
129959
129960
129961
129962
129966
129983
130149
130151
130157
130158
130168
130172
130178
130343
130354
130356
130358
130360
130375
130480
130481
130517
130519
130696
130704
130793
130795
130798
130799
130834
130840
130842
130844
130847
130848
133006
133007
133010
133327
133329
133330
133414
133670
133762
133800
133920
133969
133982
