276552
276553
276556
276557
276608
276644
276669
276670
276671
276672
276674
276675
276762
276916
276917
276920
276967
276969
276970
276971
276972
277015
277016
277017
277037
277075
277076
277079
277082
277087
277088
277091
277121
277155
277180
277181
277182
277183
277188
277189
277193
277194
277196
277197
277250
277256
277257
277262
277293
277310
277312
277314
277360
277383
277384
277385
277389
277416
277417
277418
277470
277472
277473
277476
277477
277478
277479
277530
277531
277534
277536
277537
277574
277575
277576
277577
277718
277720
277721
277722
277723
277725
277745
277746
277747
277748
277749
277794
277799
277800
277801
277802
277834
277841
277842
277845
277847
277848
277876
277897
277898
277899
277900
277901
277903
277907
277930
277952
277987
277988
277989
277996
278055
278077
278079
278080
278089
278092
278093
278094
278095
278121
278122
278126
278127
278158
278162
278163
278164
278165
278166
278167
278189
278191
278215
278216
