#pt [GeV]      dN/d^2 pt dy [1/GeV^2]
1		0.0717880633
1.2		0.037268751
1.4		0.0201906504
1.6		0.0113117968
1.8		0.0066539635
2		0.0040333017
2.2		0.0025572547
2.4		0.0016645213
2.6		0.0011148887
2.8		0.0007669311
3		0.000540438
3.2		0.0003874347
3.4		0.0002839127
3.6		0.0002108538
3.8		0.0001591811
4		0.0001223302
4.2		9.44673993151342E-005
4.4		7.40892068720023E-005
4.6		5.86472656891623E-005
4.8		4.65114028072172E-005
5		0.000037373
5.2		3.07802484697602E-005
5.4		2.52099265640729E-005
5.6		2.07333544406069E-005
5.8		1.71517041891981E-005
6		1.42311125769138E-005
6.2		1.19135799517763E-005
6.4		1.00441461607009E-005
6.6		8.44283563387021E-006
6.8		7.30259780572346E-006
7		6.40694971128961E-006
7.2		5.45620685438479E-006
7.4		4.6365569502921E-006
7.6		4.03866984412545E-006
7.8		3.47382585609913E-006
8		3.02285157397783E-006

