Pt bin	YieldExtraction	dEdxE	dEdxPi	TPCCluster	SinglePt	Chi2	Qt	Alpha	ConvPhi	ClusterMinEnergy	ClusterNCells	ClusterNonLinearity	ClusterTrackMatching	ClusterM02	CellTiming	ClusterMaterialTRD	Trigger	Efficiency	
2.3	1.08757	0.7	0.684	0.8	1.0482	1.02755	0.9358	0	0.5	1.13	1.5	2.0759	1.1563	1.25635	0.95	4.24	4.65911	15.8107	17.6225
2.5	2.97194	0.7	0.72	0.8	1.045	1.03875	0.975	0	0.5	1.13	1.5	2.0875	1.21562	1.26875	0.95	4.24	4.65911	14.0229	16.2858
2.8	2.89705	0.7	0.78	0.8	1.0432	1.0608	1.0368	0	0.5	1.13	1.5	2.1064	1.30528	1.2896	0.95	4.24	4.65911	11.7656	14.3942
3.25	3.07005	0.7	0.8835	0.8	1.04725	1.10569	1.13625	0	0.5	1.13	1.5	2.13813	1.44128	1.32594	0.95	4.24	4.65911	9.14886	12.4336
3.75	1.87283	0.7	1.0175	0.8	1.06125	1.17219	1.25625	0	0.5	1.13	1.5	2.17813	1.59453	1.37344	0.95	4.24	4.65911	7.055	10.7813
4.5	2.59715	0.7	1.256	0.8	1.101	1.30475	1.455	0	0.5	1.13	1.5	2.2475	1.82862	1.45875	0.95	4.24	4.65911	5.00572	9.87947
5.5	3.82498	0.7	1.644	0.8	1.189	1.54275	1.755	0	0.5	1.13	1.5	2.3575	2.14863	1.59875	0.95	4.24	4.65911	3.50286	9.89326
6.5	4.31599	0.7	2.112	0.8	1.317	1.85075	2.095	0	0.5	1.13	1.5	2.4875	2.47763	1.76875	0.95	4.24	4.65911	2.75143	10.2143
7.5	3.24084	0.7	2.66	0.8	1.485	2.22875	2.475	0	0.5	1.13	1.5	2.6375	2.81562	1.96875	0.95	4.24	4.65911	2.37572	10.1956
