direct photon spectra and v2, for 0-10% & 20-40%,
Pb+Pb 5.02 TeV vs 2.76 TeV are compared; for other
centralities, only Pb+Pb 5.02 TeV results are compiled.

============================================================

1. 0-10%

qT(GeV)   dN/2piqTdpTdy

        5.02TeV  2.76TeV

0.1	401.3159 334.0635
0.3	48.67159 37.90804
0.5	17.75044 12.85437
0.7	8.19338	5.65755
0.9	4.08172	2.73661
1.1	1.94768	1.28797
1.3	0.93535	0.61195
1.5	0.48685	0.31329
1.7	0.26797	0.16921
1.9	0.1539	0.09534
2.1	0.09153	0.05568
2.3	0.05611	0.03358
2.5	0.03535	0.02085
2.7	0.02284	0.0133
2.9	0.0151	0.00871
3.1	0.01021	0.00584
3.3	0.00705	0.00401
3.5	0.00497	0.00281
3.7	0.00356	0.00201
3.9	0.0026	0.00147
4.1	0.00193	0.00109
4.3	0.00146	8.20342E-4
4.5	0.00111	6.28381E-4
4.7	8.64237E-4 4.88198E-4
4.9	6.78794E-4 3.8428E-4
 
-------------------------

qT(GeV)       v2
  
        5.02TeV  2.76TeV

0.1	0.01487	0.01044
0.3	0.01878	0.01386
0.5	0.01869	0.01493
0.7	0.0185	0.01531
0.9	0.01897	0.01611
1.1	0.02185	0.0186
1.3	0.0259	0.02187
1.5	0.02889	0.02417
1.7	0.0308	0.02548
1.9	0.03168	0.02585
2.1	0.03165	0.02543
2.3	0.03083	0.02436
2.5	0.0294	0.02278
2.7	0.02748	0.02084
2.9	0.02523	0.01869
3.1	0.02277	0.01644
3.3	0.02022	0.01421
3.5	0.01769	0.01208
3.7	0.01526	0.01012
3.9	0.01299	0.00836
4.1	0.01093	0.00682
4.3	0.00909	0.00551
4.5	0.00749	0.00441
4.7	0.00612	0.00351
4.9	0.00497	0.00277

=======================================
2. 10-20%, 5.02 TeV

qT(GeV) dN/2piqTdqTdy  v2

0.1	249.3406 0.02741
0.3	30.06071 0.03548
0.5	10.89722 0.0358
0.7	5.00756	0.03507
0.9	2.48718	0.03576
1.1	1.18221	0.04116
1.3	0.5648	0.04888
1.5	0.29235	0.05462
1.7	0.16001	0.05825
1.9	0.09141	0.05984
2.1	0.05409	0.05962
2.3	0.03301	0.05786
2.5	0.02072	0.05488
2.7	0.01334	0.05095
2.9	0.0088	0.04638
3.1	0.00594	0.04145
3.3	0.0041	0.03639
3.5	0.00288	0.03142
3.7	0.00207	0.02671
3.9	0.00151	0.02238
4.1	0.00113	0.0185
4.3	8.5081E-4 0.01511
4.5	6.52607E-4 0.01221
4.7	5.07559E-4 0.00977
4.9	3.99844E-4 0.00776

====================================
3. 20-40% 

qT(GeV)   dN/2piqTdpTdy

        5.02TeV  2.76TeV

0.1	119.2987  94.45758
0.3	14.19119 10.49417
0.5	5.08962	3.46543
0.7	2.32164	1.49805
0.9	1.1457	0.71575
1.1	0.53865	0.33393
1.3	0.25348	0.15718
1.5	0.12927	0.07953
1.7	0.06979	0.04241
1.9	0.03939	0.02358
2.1	0.02308	0.0136
2.3	0.01397	0.0081
2.5	0.00872	0.00497
2.7	0.00559	0.00314
2.9	0.00368	0.00204
3.1	0.00249	0.00136
3.3	0.00172	9.28931E-4
3.5	0.00122	6.49699E-4
3.7	8.76942E-4 4.64571E-4
3.9	6.45024E-4 3.39136E-4
4.1	4.83006E-4 2.52365E-4
4.3	3.67705E-4 1.91147E-4
4.5	2.84207E-4 1.47145E-4
4.7	2.22743E-4 1.14962E-4
4.9	1.76802E-4 9.10348E-5

------------------------------

qT(GeV)       v2
  
        5.02TeV  2.76TeV

0.1	0.03733	0.03529
0.3	0.04921	0.04857
0.5	0.05015	0.05318
0.7	0.04873	0.0545
0.9	0.04961	0.05723
1.1	0.05717	0.06592
1.3	0.06813	0.07746
1.5	0.07609	0.08563
1.7	0.08082	0.09027
1.9	0.08246	0.09154
2.1	0.08137	0.08987
2.3	0.078	0.08577
2.5	0.07286	0.07973
2.7	0.06645	0.07208
2.9	0.05927	0.06395
3.1	0.05176	0.05533
3.3	0.04431	0.0469
3.5	0.03723	0.03897
3.7	0.03075	0.03179
3.9	0.02499	0.0255
4.1	0.02003	0.02015
4.3	0.01585	0.01571
4.5	0.0124	0.01211
4.7	0.00961	0.00925
4.9	0.00739	0.00701

========================================

4. 40-60%, 5.02 TeV

qT(GeV) dN/2piqTdqTdy  v2


0.1	38.2421 0.03345
0.3	4.34497	0.04619
0.5	1.48634	0.04815
0.7	0.65933	0.04634
0.9	0.31796	0.04679
1.1	0.14518	0.05267
1.3	0.06577	0.06073
1.5	0.0323	0.0649
1.7	0.01687	0.06538
1.9	0.00926	0.06278
2.1	0.00532	0.05785
2.3	0.00318	0.05137
2.5	0.00197	0.04408
2.7	0.00126	0.03664
2.9	8.37991E-4 0.02956
3.1	5.71896E-4 0.02319
3.3	4.00917E-4 0.01773
3.5	2.8798E-4  0.01324
3.7	2.11445E-4 0.00968
3.9	1.58334E-4 0.00693
4.1	1.20669E-4 0.00488
4.3	9.34224E-5 0.00338
4.5	7.33523E-5 0.0023
4.7	5.83242E-5 0.00155
4.9	4.69027E-5 0.00102
 

===========================================

5. 60-80%, 5.02 TeV


qT(GeV) dN/2piqTdqTdy  v2

0.1	8.92555	0.02479
0.3	0.9485	0.03834
0.5	0.30168	0.04069
0.7	0.12806	0.03918
0.9	0.05942	0.03925
1.1	0.0259	0.04266
1.3	0.01111	0.04685
1.5	0.00522	0.04675
1.7	0.00264	0.04326
1.9	0.00143	0.03759
2.1	8.1731E-4 0.03091
2.3	4.92498E-4 0.02421
2.5	3.1066E-4  0.01816
2.7	2.03991E-4 0.01311
2.9	1.38714E-4 0.00917
3.1	9.72198E-5 0.00623
3.3	6.99385E-5 0.00414
3.5	5.14593E-5 0.0027
3.7	3.86102E-5 0.00174
3.9	2.94679E-5 0.0011
4.1	2.28302E-5 6.96588E-4
4.3	1.79241E-5 4.38167E-4
4.5	1.42399E-5 2.75837E-4
4.7	1.1434E-5  1.74524E-4
4.9	9.26961E-6 1.11457E-4
 