0.1	249.3406 0.02741
0.3	30.06071 0.03548
0.5	10.89722 0.0358
0.7	5.00756	0.03507
0.9	2.48718	0.03576
1.1	1.18221	0.04116
1.3	0.5648	0.04888
1.5	0.29235	0.05462
1.7	0.16001	0.05825
1.9	0.09141	0.05984
2.1	0.05409	0.05962
2.3	0.03301	0.05786
2.5	0.02072	0.05488
2.7	0.01334	0.05095
2.9	0.0088	0.04638
3.1	0.00594	0.04145
3.3	0.0041	0.03639
3.5	0.00288	0.03142
3.7	0.00207	0.02671
3.9	0.00151	0.02238
4.1	0.00113	0.0185
4.3	8.5081E-4 0.01511
4.5	6.52607E-4 0.01221
4.7	5.07559E-4 0.00977
4.9	3.99844E-4 0.00776
