0.1	401.3159 334.0635
0.3	48.67159 37.90804
0.5	17.75044 12.85437
0.7	8.19338	5.65755
0.9	4.08172	2.73661
1.1	1.94768	1.28797
1.3	0.93535	0.61195
1.5	0.48685	0.31329
1.7	0.26797	0.16921
1.9	0.1539	0.09534
2.1	0.09153	0.05568
2.3	0.05611	0.03358
2.5	0.03535	0.02085
2.7	0.02284	0.0133
2.9	0.0151	0.00871
3.1	0.01021	0.00584
3.3	0.00705	0.00401
3.5	0.00497	0.00281
3.7	0.00356	0.00201
3.9	0.0026	0.00147
4.1	0.00193	0.00109
4.3	0.00146	8.20342E-4
4.5	0.00111	6.28381E-4
4.7	8.64237E-4 4.88198E-4
4.9	6.78794E-4 3.8428E-4
