0.1	8.92555	0.02479
0.3	0.9485	0.03834
0.5	0.30168	0.04069
0.7	0.12806	0.03918
0.9	0.05942	0.03925
1.1	0.0259	0.04266
1.3	0.01111	0.04685
1.5	0.00522	0.04675
1.7	0.00264	0.04326
1.9	0.00143	0.03759
2.1	8.1731E-4 0.03091
2.3	4.92498E-4 0.02421
2.5	3.1066E-4  0.01816
2.7	2.03991E-4 0.01311
2.9	1.38714E-4 0.00917
3.1	9.72198E-5 0.00623
3.3	6.99385E-5 0.00414
3.5	5.14593E-5 0.0027
3.7	3.86102E-5 0.00174
3.9	2.94679E-5 0.0011
4.1	2.28302E-5 6.96588E-4
4.3	1.79241E-5 4.38167E-4
4.5	1.42399E-5 2.75837E-4
4.7	1.1434E-5  1.74524E-4
4.9	9.26961E-6 1.11457E-4
