0.1	38.2421 0.03345
0.3	4.34497	0.04619
0.5	1.48634	0.04815
0.7	0.65933	0.04634
0.9	0.31796	0.04679
1.1	0.14518	0.05267
1.3	0.06577	0.06073
1.5	0.0323	0.0649
1.7	0.01687	0.06538
1.9	0.00926	0.06278
2.1	0.00532	0.05785
2.3	0.00318	0.05137
2.5	0.00197	0.04408
2.7	0.00126	0.03664
2.9	8.37991E-4 0.02956
3.1	5.71896E-4 0.02319
3.3	4.00917E-4 0.01773
3.5	2.8798E-4  0.01324
3.7	2.11445E-4 0.00968
3.9	1.58334E-4 0.00693
4.1	1.20669E-4 0.00488
4.3	9.34224E-5 0.00338
4.5	7.33523E-5 0.0023
4.7	5.83242E-5 0.00155
4.9	4.69027E-5 0.00102
