0.1	119.2987  94.45758
0.3	14.19119 10.49417
0.5	5.08962	3.46543
0.7	2.32164	1.49805
0.9	1.1457	0.71575
1.1	0.53865	0.33393
1.3	0.25348	0.15718
1.5	0.12927	0.07953
1.7	0.06979	0.04241
1.9	0.03939	0.02358
2.1	0.02308	0.0136
2.3	0.01397	0.0081
2.5	0.00872	0.00497
2.7	0.00559	0.00314
2.9	0.00368	0.00204
3.1	0.00249	0.00136
3.3	0.00172	9.28931E-4
3.5	0.00122	6.49699E-4
3.7	8.76942E-4 4.64571E-4
3.9	6.45024E-4 3.39136E-4
4.1	4.83006E-4 2.52365E-4
4.3	3.67705E-4 1.91147E-4
4.5	2.84207E-4 1.47145E-4
4.7	2.22743E-4 1.14962E-4
4.9	1.76802E-4 9.10348E-5
