          0.10000000                2.6206686                20.712891               0.41802905E-003           43.637258               0.61516148                67.586397
          0.20000000                3.0150083                5.7943541               0.49279886E-002           10.175374                1.0364501                20.026114
          0.30000000                2.0788537                2.6515813               0.95479329E-002           3.5071049                1.1919688                9.4390566
          0.40000000                1.2693414                1.4805728               0.11318317E-001           1.4901911                1.1353450                5.3867686
          0.50000000               0.77020915               0.90991803               0.11019260E-001          0.72312157               0.96713228                3.3814003
          0.60000000               0.47408762               0.58782441               0.97133798E-002          0.38486316               0.76976039                2.2262490
          0.70000000               0.29760025               0.39049112               0.81004451E-002          0.21905685               0.58869740                1.5039461
          0.80000000               0.19036013               0.26385553               0.65336255E-002          0.13111974               0.44063105                1.0325001
          0.90000000               0.12389672               0.18032326               0.51538212E-002          0.81603804E-001          0.32668432               0.71766193
           1.0000000               0.81898041E-001          0.12425279               0.40097381E-002          0.52383300E-001          0.24178307               0.50432693
           1.1000000               0.54672672E-001          0.86167668E-001          0.30926278E-002          0.34466689E-001          0.15012826               0.32852792
           1.2000000               0.37119629E-001          0.60078929E-001          0.23735079E-002          0.23139429E-001          0.97167193E-001          0.21987869
           1.3000000               0.25363354E-001          0.42085154E-001          0.18145670E-002          0.15810559E-001          0.65119210E-001          0.15019285
           1.4000000               0.17472744E-001          0.29605014E-001          0.13853395E-002          0.10956607E-001          0.44955798E-001          0.10437550
           1.5000000               0.12122022E-001          0.20907084E-001          0.10553730E-002          0.76894648E-002          0.31839746E-001          0.73613690E-001
           1.6000000               0.84662679E-002          0.14816689E-001          0.80405291E-003          0.54507395E-002          0.23058230E-001          0.52595979E-001
           1.7000000               0.59494203E-002          0.10536010E-001          0.61289084E-003          0.39008729E-002          0.17028692E-001          0.38027886E-001
           1.8000000               0.41996633E-002          0.75156970E-002          0.46718614E-003          0.28128805E-002          0.12795680E-001          0.27791107E-001
           1.9000000               0.29829354E-002          0.53773445E-002          0.35743541E-003          0.20421158E-002          0.97646770E-002          0.20524508E-001
           2.0000000               0.21275464E-002          0.38585481E-002          0.27295545E-003          0.14919604E-002          0.75557209E-002          0.15306731E-001
           2.1000000               0.15250245E-002          0.27766055E-002          0.20875452E-003          0.10961527E-002          0.59201051E-002          0.11526642E-001
           2.2000000               0.10964178E-002          0.20029005E-002          0.15976956E-003          0.80922872E-003          0.46915082E-002          0.87598248E-002
           2.3000000               0.79154940E-003          0.14487652E-002          0.12244543E-003          0.60008517E-003          0.37565287E-002          0.67193738E-002
           2.4000000               0.57336772E-003          0.10502904E-002          0.93914016E-004          0.44674277E-003          0.30364748E-002          0.52007897E-002
           2.5000000               0.41675418E-003          0.76317342E-003          0.72124262E-004          0.33399041E-003          0.24758586E-002          0.40619009E-002
           2.6000000               0.30402799E-003          0.55575076E-003          0.55483416E-004          0.25041632E-003          0.20349753E-002          0.32006538E-002
           2.7000000               0.22243873E-003          0.40556620E-003          0.42711403E-004          0.18830333E-003          0.16850278E-002          0.25440475E-002
           2.8000000               0.16306612E-003          0.29666946E-003          0.32908905E-004          0.14179778E-003          0.14048687E-002          0.20393109E-002
           2.9000000               0.12011905E-003          0.21736358E-003          0.25383855E-004          0.10728012E-003          0.11787885E-002          0.16489351E-002
           3.0000000               0.88548889E-004          0.15956156E-003          0.19596675E-004          0.81276909E-004          0.99499206E-003          0.13439761E-002
           3.1000000               0.65551504E-004          0.11735092E-003          0.15149500E-004          0.61705335E-004          0.84453454E-003          0.11042918E-002
           3.2000000               0.48684795E-004          0.86471287E-004          0.11716106E-004          0.46942089E-004          0.72056970E-003          0.91438398E-003
           3.3000000               0.36198103E-004          0.63808384E-004          0.90606260E-005          0.35761766E-004          0.61781178E-003          0.76264066E-003
           3.4000000               0.26988117E-004          0.47170852E-004          0.70273052E-005          0.27283789E-004          0.53214661E-003          0.64061668E-003
           3.5000000               0.20151672E-004          0.34926216E-004          0.54448285E-005          0.20892186E-004          0.46034737E-003          0.54176227E-003
           3.6000000               0.15082875E-004          0.25894679E-004          0.42334979E-005          0.15990208E-004          0.39986499E-003          0.46106625E-003
           3.7000000               0.11310029E-004          0.19226096E-004          0.32901508E-005          0.12259892E-004          0.34867216E-003          0.39475832E-003
           3.8000000               0.84949669E-005          0.14294533E-004          0.25603625E-005          0.94203490E-005          0.30514616E-003          0.33991637E-003
           3.9000000               0.63985036E-005          0.10643958E-004          0.19916165E-005          0.72468475E-005          0.26798029E-003          0.29426122E-003
           4.0000000               0.48415607E-005          0.79343661E-005          0.15519214E-005          0.55862700E-005          0.23611628E-003          0.25603040E-003
           4.1000000               0.36631472E-005          0.59222661E-005          0.12098745E-005          0.43057880E-005          0.20869239E-003          0.22379346E-003
           4.2000000               0.27733802E-005          0.44298127E-005          0.94395456E-006          0.33238168E-005          0.18500328E-003          0.19647425E-003
           4.3000000               0.21030238E-005          0.33146690E-005          0.73721520E-006          0.25688662E-005          0.16446883E-003          0.17319261E-003
           4.4000000               0.15972925E-005          0.24830992E-005          0.57594281E-006          0.19887285E-005          0.14660963E-003          0.15325470E-003
           4.5000000               0.12145885E-005          0.18605082E-005          0.45039108E-006          0.15389162E-005          0.13102776E-003          0.13609216E-003
           4.6000000               0.92459561E-006          0.13965939E-005          0.35225898E-006          0.11925132E-005          0.11739152E-003          0.12125748E-003
           4.7000000               0.70496747E-006          0.10493354E-005          0.27577714E-006          0.92491909E-006          0.10542330E-003          0.10837830E-003
           4.8000000               0.53797365E-006          0.78895744E-006          0.21613322E-006          0.71828577E-006          0.94889837E-004          0.97151187E-004
           4.9000000               0.41109033E-006          0.59389769E-006          0.16920524E-006          0.55851054E-006          0.85594427E-004          0.87327130E-004
           5.0000000               0.31465207E-006          0.44806560E-006          0.13266310E-006          0.43457749E-006          0.77370582E-004          0.78700541E-004
