          0.10000000               0.53987527                2.3765252               0.65044098E-004           7.9498998               0.10839528                10.974761
          0.20000000               0.62516519               0.65507816               0.82501358E-003           1.8371133               0.18262896                3.3008106
          0.30000000               0.42379109               0.29706195               0.16499029E-002          0.62656242               0.21003232                1.5590977
          0.40000000               0.25350855               0.16420846               0.19811347E-002          0.26343750               0.20005486               0.88319051
          0.50000000               0.15064192               0.99184812E-001          0.19340492E-002          0.12660425               0.17041473               0.54877976
          0.60000000               0.91009036E-001          0.62425771E-001          0.17012365E-002          0.66772629E-001          0.13563658               0.35754525
          0.70000000               0.56212166E-001          0.40091616E-001          0.14119543E-002          0.37673983E-001          0.10373215               0.23912187
          0.80000000               0.35439257E-001          0.26029644E-001          0.11304808E-002          0.22362345E-001          0.77641935E-001          0.16260366
          0.90000000               0.22763039E-001          0.17011783E-001          0.88481156E-003          0.13806974E-001          0.57563811E-001          0.11203042
           1.0000000               0.14852100E-001          0.11169773E-001          0.68253297E-003          0.87925472E-002          0.42603683E-001          0.78100636E-001
           1.1000000               0.98195344E-002          0.73611949E-002          0.52165629E-003          0.57410999E-002          0.26453535E-001          0.49897020E-001
           1.2000000               0.65623688E-002          0.48668726E-002          0.39635365E-003          0.38251840E-002          0.17121465E-001          0.32772244E-001
           1.3000000               0.44261151E-002          0.32275374E-002          0.29999141E-003          0.25929134E-002          0.11474410E-001          0.22020968E-001
           1.4000000               0.30129276E-002          0.21463779E-002          0.22653515E-003          0.17824054E-002          0.79214915E-002          0.15089738E-001
           1.5000000               0.20654519E-002          0.14313922E-002          0.17102643E-003          0.12400254E-002          0.56103615E-002          0.10518257E-001
           1.6000000               0.14256487E-002          0.95723477E-003          0.12883146E-003          0.87152749E-003          0.40630038E-002          0.74462463E-002
           1.7000000               0.99018945E-003          0.64183188E-003          0.97071563E-004          0.61841270E-003          0.30005615E-002          0.53480671E-002
           1.8000000               0.69122007E-003          0.43149738E-003          0.73404000E-004          0.44212284E-003          0.22546785E-002          0.38929227E-002
           1.9000000               0.48522843E-003          0.29087244E-003          0.55538297E-004          0.31839472E-003          0.17205969E-002          0.28706308E-002
           2.0000000               0.34268267E-003          0.19655656E-003          0.42020787E-004          0.23070835E-003          0.13313651E-002          0.21433334E-002
           2.1000000               0.24247772E-003          0.13319938E-003          0.31818231E-004          0.16809562E-003          0.10431594E-002          0.16187503E-002
           2.2000000               0.17248488E-003          0.90480888E-004          0.24129242E-004          0.12310801E-003          0.82667297E-003          0.12368760E-002
           2.3000000               0.12319161E-003          0.61622353E-004          0.18328697E-004          0.90520540E-004          0.66192375E-003          0.95558694E-003
           2.4000000               0.88446736E-004          0.42074913E-004          0.13935030E-004          0.66850956E-004          0.53504577E-003          0.74635340E-003
           2.5000000               0.63678685E-004          0.28797456E-004          0.10607975E-004          0.49545738E-004          0.43626171E-003          0.58889157E-003
           2.6000000               0.46003977E-004          0.19759833E-004          0.80859113E-005          0.36844091E-004          0.35857533E-003          0.46926914E-003
           2.7000000               0.33340888E-004          0.13591272E-004          0.61722549E-005          0.27444754E-004          0.29691239E-003          0.37746156E-003
           2.8000000               0.24250868E-004          0.93719217E-005          0.47178504E-005          0.20561440E-004          0.24754661E-003          0.30644869E-003
           2.9000000               0.17687577E-004          0.64782793E-005          0.36105567E-005          0.15421977E-004          0.20770988E-003          0.25090827E-003
           3.0000000               0.12945795E-004          0.44889934E-005          0.27672535E-005          0.11594666E-004          0.17532380E-003          0.20712050E-003
           3.1000000               0.95007591E-005          0.31178153E-005          0.21224400E-005          0.87415356E-005          0.14881225E-003          0.17229480E-003
           3.2000000               0.69910822E-005          0.21709257E-005          0.16281729E-005          0.66038571E-005          0.12696887E-003          0.14436291E-003
           3.3000000               0.51563610E-005          0.15148513E-005          0.12537225E-005          0.49997651E-005          0.10886228E-003          0.12178698E-003
           3.4000000               0.38134535E-005          0.10596856E-005          0.96448103E-006          0.37902214E-005          0.93767547E-004          0.10339539E-003
           3.5000000               0.28273917E-005          0.74341703E-006          0.74335721E-006          0.28796838E-005          0.81116073E-004          0.88309923E-004
           3.6000000               0.20998946E-005          0.52253540E-006          0.57369477E-006          0.21911732E-005          0.70458702E-004          0.75846000E-004
           3.7000000               0.15636220E-005          0.36822776E-006          0.44305709E-006          0.16701080E-005          0.61438205E-004          0.65483220E-004
           3.8000000               0.11666849E-005          0.26024994E-006          0.34243991E-006          0.12750950E-005          0.53768653E-004          0.56813123E-004
           3.9000000               0.87249301E-006          0.18420480E-006          0.26493920E-006          0.97481451E-006          0.47219796E-004          0.49516248E-004
           4.0000000               0.65368627E-006          0.13107190E-006          0.20514975E-006          0.74613422E-006          0.41605159E-004          0.43341201E-004
           4.1000000               0.49059367E-006          0.93419521E-007          0.15908557E-006          0.57207241E-006          0.36772898E-004          0.38088069E-004
           4.2000000               0.36898092E-006          0.66801504E-007          0.12343255E-006          0.43920019E-006          0.32598731E-004          0.33597146E-004
           4.3000000               0.27788867E-006          0.47799499E-007          0.95876116E-007          0.33762272E-006          0.28980433E-004          0.29739620E-004
           4.4000000               0.20961900E-006          0.34514884E-007          0.74534843E-007          0.25958531E-006          0.25833530E-004          0.26411784E-004
           4.5000000               0.15838944E-006          0.25082731E-007          0.57980425E-007          0.19995243E-006          0.23087907E-004          0.23529312E-004
           4.6000000               0.11979298E-006          0.18159300E-007          0.45155978E-007          0.15422391E-006          0.20685117E-004          0.21022449E-004
           4.7000000               0.90898367E-007          0.12878602E-007          0.35158707E-007          0.11903784E-006          0.18576242E-004          0.18834215E-004
           4.8000000               0.68923522E-007          0.94054762E-008          0.27404035E-007          0.91988034E-007          0.16720180E-004          0.16917901E-004
           4.9000000               0.52468628E-007          0.70839374E-008          0.21375681E-007          0.71125521E-007          0.15082271E-004          0.15234325E-004
           5.0000000               0.40456373E-007          0.50374880E-008          0.16690155E-007          0.55057101E-007          0.13633178E-004          0.13750420E-004
