          0.10000000                6.9852786                69.566002               0.12118330E-002           121.48104                1.6987635                199.73229
          0.20000000                8.0318603                19.634541               0.14117441E-001           28.432442                2.8621485                58.975109
          0.30000000                5.5626512                9.0422924               0.26974322E-001           9.8353384                3.2916122                27.758868
          0.40000000                3.4217383                5.0813741               0.31771848E-001           4.1912237                3.1352461                15.861354
          0.50000000                2.0912275                3.1525836               0.30862569E-001           2.0402174                2.6707280                9.9856191
          0.60000000                1.2940130                2.0644231               0.27224317E-001           1.0890916                2.1256871                6.6004391
          0.70000000               0.81648745                1.3957422               0.22759066E-001          0.62133695                1.6256831                4.4820088
          0.80000000               0.52428821               0.96315182               0.18397553E-001          0.37278921                1.2167991                3.0954259
          0.90000000               0.34271771               0.67421051               0.14562892E-001          0.23272542               0.90213612                2.1663527
           1.0000000               0.22747330               0.47700346               0.11372880E-001          0.14974239               0.66768200                1.5332740
           1.1000000               0.15296637               0.34035334               0.88086447E-002          0.98618224E-001          0.41457799                1.0153246
           1.2000000               0.10391565               0.24460169               0.67835211E-002          0.66402688E-001          0.26832642               0.69002997
           1.3000000               0.71195864E-001          0.17690748               0.52092380E-002          0.45529990E-001          0.17982618               0.47866875
           1.4000000               0.49216197E-001          0.12866029               0.39911225E-002          0.31636585E-001          0.12414507               0.33764926
           1.5000000               0.34233387E-001          0.94048728E-001          0.30546388E-002          0.22239612E-001          0.87925202E-001          0.24150157
           1.6000000               0.23964105E-001          0.69069354E-001          0.23386384E-002          0.15803357E-001          0.63675118E-001          0.17485057
           1.7000000               0.16857255E-001          0.50995284E-001          0.17864255E-002          0.11325935E-001          0.47024595E-001          0.12798949
           1.8000000               0.11921480E-001          0.37793708E-001          0.13665420E-002          0.81835523E-002          0.35335167E-001          0.94600449E-001
           1.9000000               0.84694363E-002          0.28124271E-001          0.10482910E-002          0.59537958E-002          0.26965077E-001          0.70560871E-001
           2.0000000               0.60402465E-002          0.21009509E-001          0.80287291E-003          0.43579449E-002          0.20865063E-001          0.53075636E-001
           2.1000000               0.43224191E-002          0.15757855E-001          0.61595810E-003          0.32048204E-002          0.16348323E-001          0.40249375E-001
           2.2000000               0.31060365E-002          0.11859936E-001          0.47269971E-003          0.23693937E-002          0.12955562E-001          0.30763628E-001
           2.3000000               0.22417804E-002          0.89572740E-002          0.36310307E-003          0.17588609E-002          0.10373624E-001          0.23694642E-001
           2.4000000               0.16226039E-002          0.67873967E-002          0.27915933E-003          0.13106084E-002          0.83852007E-002          0.18384969E-001
           2.5000000               0.11776716E-002          0.51598113E-002          0.21483120E-003          0.97966057E-003          0.68370637E-002          0.14369038E-001
           2.6000000               0.85743555E-003          0.39344019E-002          0.16544181E-003          0.73474703E-003          0.56195680E-002          0.11311594E-001
           2.7000000               0.62628301E-003          0.30096524E-002          0.12744929E-003          0.55236859E-003          0.46531907E-002          0.89689440E-002
           2.8000000               0.45874549E-003          0.23084754E-002          0.98331987E-004          0.41637582E-003          0.38795336E-002          0.71614622E-002
           2.9000000               0.33613593E-003          0.17754235E-002          0.75886853E-004          0.31440051E-003          0.32552150E-002          0.57570619E-002
           3.0000000               0.24737201E-003          0.13690799E-002          0.58622914E-004          0.23811362E-003          0.27476626E-002          0.46608510E-002
           3.1000000               0.18248012E-003          0.10583695E-002          0.45320871E-004          0.18059323E-003          0.23321754E-002          0.37989391E-002
           3.2000000               0.13491643E-003          0.82011861E-003          0.35074689E-004          0.13724656E-003          0.19898474E-002          0.31172037E-002
           3.3000000               0.10021385E-003          0.63694484E-003          0.27159164E-004          0.10444393E-003          0.17060823E-002          0.25748441E-002
           3.4000000               0.74484033E-004          0.49579236E-003          0.21044961E-004          0.79476164E-004          0.14695186E-002          0.21403161E-002
           3.5000000               0.55433153E-004          0.38673792E-003          0.16309540E-004          0.60661115E-004          0.12712456E-002          0.17903873E-002
           3.6000000               0.41328234E-004          0.30225470E-003          0.12659095E-004          0.46326990E-004          0.11042240E-002          0.15067930E-002
           3.7000000               0.30873226E-004          0.23663098E-003          0.98217121E-005          0.35498063E-004          0.96285535E-003          0.12756793E-002
           3.8000000               0.23099448E-004          0.18563632E-003          0.76298862E-005          0.27194654E-004          0.84265866E-003          0.10862190E-002
           3.9000000               0.17321756E-004          0.14588278E-003          0.59312208E-005          0.20845477E-004          0.74002541E-003          0.93000665E-003
           4.0000000               0.13007608E-004          0.11483705E-003          0.46115717E-005          0.16004312E-004          0.65203321E-003          0.80049375E-003
           4.1000000               0.97812895E-005          0.90543288E-004          0.35891720E-005          0.12284454E-004          0.57630234E-003          0.69250055E-003
           4.2000000               0.73616352E-005          0.71506717E-004          0.27945129E-005          0.94471185E-005          0.51088508E-003          0.60199506E-003
           4.3000000               0.55459756E-005          0.56551156E-004          0.21775002E-005          0.72683420E-005          0.45417936E-003          0.52572233E-003
           4.4000000               0.41865750E-005          0.44781145E-004          0.16980759E-005          0.55980070E-005          0.40486132E-003          0.46112512E-003
           4.5000000               0.31604697E-005          0.35507202E-004          0.13226120E-005          0.43138200E-005          0.36183211E-003          0.40613621E-003
           4.6000000               0.23911665E-005          0.28187962E-004          0.10307815E-005          0.33250910E-005          0.32417574E-003          0.35911074E-003
           4.7000000               0.18103125E-005          0.22403498E-004          0.80421243E-006          0.25657419E-005          0.29112559E-003          0.31870935E-003
           4.8000000               0.13696058E-005          0.17825899E-004          0.62780949E-006          0.19823607E-005          0.26203752E-003          0.28384320E-003
           4.9000000               0.10388838E-005          0.14198520E-004          0.49006044E-006          0.15314381E-005          0.23636832E-003          0.25362722E-003
           5.0000000               0.78905698E-006          0.11320554E-004          0.38282990E-006          0.11843213E-005          0.21365824E-003          0.22733500E-003
