#pT  dN/(2pi dy pT dpT)  dN/(2pi dy pT dpT)_err  vn{SP}  vn{SP}_err
1.0932339937e-01  2.1859103208e-01  5.3474852542e-03  3.9140203596e-03  6.6090440348e-03  1.9278315778e-04  1.5807270842e-02  9.4286676787e-03  1.1920418206e-02  nan  nan  -2.7633257905e-03  6.0088404896e-03  -8.1791798378e-03  9.3869454077e-03  
2.0354037700e-01  2.2359374906e-01  4.9242212912e-03  -7.4080437815e-04  4.7338515351e-03  5.4918442719e-03  9.2211068672e-03  -3.3037693540e-03  8.9164332060e-03  nan  nan  -8.6287186961e-03  7.6379540835e-03  -1.0281861553e-03  4.7290164757e-03  
3.0218737022e-01  2.1701699267e-01  4.5343278576e-03  1.3358717705e-02  5.8849734911e-03  5.4140126102e-04  7.6328174897e-03  2.8350591748e-03  6.7628830126e-03  nan  nan  -4.7937054301e-03  4.6009930731e-03  7.3880614187e-03  6.9335834617e-03  
4.0170733742e-01  2.0826056199e-01  4.1068618141e-03  9.8332905757e-03  3.6696085957e-03  -7.5869795554e-03  6.0169851606e-03  5.0735103485e-03  5.5019899914e-03  nan  nan  -5.2336799210e-03  4.4981274724e-03  3.4984945665e-03  3.9007413543e-03  
5.0127687437e-01  2.0165953639e-01  3.5095106608e-03  1.2673078195e-02  3.1508330672e-03  1.0626493264e-02  6.7256063111e-03  3.8708306193e-03  6.4967435581e-03  nan  nan  -2.7507402205e-03  3.4405574292e-03  -1.4522662301e-03  3.0451847871e-03  
6.0109073912e-01  1.9574956289e-01  3.6041291341e-03  1.8716548730e-02  3.6971330581e-03  7.0685048666e-03  6.5722881311e-03  -3.4119739746e-03  5.3909943080e-03  nan  nan  -4.0963186860e-03  4.0811552058e-03  2.6635519316e-03  3.2319573515e-03  
7.0029919903e-01  1.8073413290e-01  3.2858516715e-03  2.3335602011e-02  4.1711243891e-03  1.3580650386e-02  5.1163488590e-03  8.8950179111e-03  5.1696546329e-03  nan  nan  1.1348367280e-03  2.7219473814e-03  -4.4689073136e-04  3.0232817953e-03  
8.0042369553e-01  1.6633823861e-01  2.9424281436e-03  2.5033588626e-02  4.4742964214e-03  1.9796384001e-02  6.0958023701e-03  1.4004794450e-03  5.0834626494e-03  nan  nan  5.0507895560e-03  4.4147210532e-03  1.0184617380e-03  2.4700762708e-03  
9.0035917085e-01  1.5272779501e-01  2.4859365263e-03  2.9167815459e-02  5.6994698317e-03  3.8562975291e-02  6.9642934769e-03  7.4325885495e-03  4.1220355152e-03  nan  nan  3.1274183231e-03  3.2700406081e-03  -2.4439478204e-03  2.8965247473e-03  
1.0001737707e+00  1.3789175443e-01  2.0376277620e-03  2.8337900591e-02  4.9883208498e-03  3.9799683303e-02  7.5755164528e-03  1.5241066753e-02  4.1184061264e-03  nan  nan  1.3813517515e-03  2.6996854925e-03  3.8652184780e-03  4.0004499406e-03  
1.0995374632e+00  1.2207253119e-01  2.1365304766e-03  2.3350969845e-02  4.1354135444e-03  4.7127728298e-02  8.3604960506e-03  2.2728674942e-02  5.6652427387e-03  nan  nan  9.5314297151e-04  2.7827987731e-03  2.6690159587e-04  2.1004617914e-03  
1.1998100548e+00  1.0905166046e-01  1.8022650430e-03  1.4141594805e-02  3.3371107679e-03  6.2204751257e-02  9.6520714612e-03  1.7868261808e-02  5.5350583669e-03  nan  nan  4.1922884593e-04  2.3802867448e-03  3.8924169497e-03  3.9947288885e-03  
1.2994227780e+00  9.2583586735e-02  1.5489977390e-03  1.9274515666e-02  3.8813964274e-03  6.4337226997e-02  8.9967900660e-03  2.3583993683e-02  5.9871295408e-03  nan  nan  5.0305665825e-03  4.6804820534e-03  4.7860446464e-04  2.7362998191e-03  
1.3994160176e+00  8.0179327312e-02  1.4029588918e-03  1.2054778307e-02  3.6641564249e-03  7.4288416302e-02  1.0494611963e-02  2.0415800565e-02  5.9792941084e-03  nan  nan  2.4691601865e-03  2.9535207503e-03  4.8271693892e-03  4.5476422723e-03  
1.4988943445e+00  6.8428707786e-02  1.4501831188e-03  8.7932811119e-03  3.2566441298e-03  8.1003834182e-02  1.2141330624e-02  2.6845594461e-02  6.9559043683e-03  nan  nan  5.6832383577e-03  5.0135943448e-03  2.1473066631e-03  3.0243803947e-03  
1.5991037481e+00  5.6262946951e-02  1.2467756549e-03  7.4132981213e-03  3.6400237376e-03  9.0246639178e-02  1.1968326422e-02  3.3169985620e-02  6.8103381908e-03  nan  nan  -2.2066669929e-03  3.1246925933e-03  5.7133143979e-03  5.3092865954e-03  
1.6990803750e+00  4.8175111927e-02  1.2270755509e-03  5.9235103720e-03  3.9118635914e-03  9.0687354517e-02  1.2660208719e-02  3.7476746909e-02  7.6383499120e-03  nan  nan  -3.4263372733e-03  3.5688520057e-03  -1.7361262239e-03  3.2458499642e-03  
1.7991620956e+00  3.9771881917e-02  1.1088259028e-03  -8.9938815011e-05  3.9943316972e-03  1.1457211711e-01  1.5276804507e-02  2.9316014059e-02  6.8103215763e-03  nan  nan  -1.9934912796e-03  4.1403951797e-03  -4.8382981452e-04  3.2154286557e-03  
1.8991161683e+00  3.2352821168e-02  9.2643661100e-04  -1.2888522693e-02  3.3424222108e-03  1.1105235206e-01  1.5617594621e-02  4.0506429561e-02  7.7754092068e-03  nan  nan  1.0804352564e-02  8.6997305603e-03  -8.4159508827e-04  3.7447548445e-03  
1.9981776288e+00  2.7001366121e-02  9.0377361529e-04  -5.8428185430e-03  3.8132749002e-03  1.2295864491e-01  1.6011908328e-02  4.3988128181e-02  8.7418984074e-03  nan  nan  8.9589263929e-03  7.4787132794e-03  3.3947084283e-03  4.7294974557e-03  
2.0992285354e+00  2.1205712877e-02  7.6355741126e-04  -2.0826499181e-02  5.2222935019e-03  1.1871694941e-01  1.5468669287e-02  5.2036173847e-02  1.2461037089e-02  nan  nan  9.3789906855e-03  8.2768942063e-03  2.7114345065e-03  4.7592486263e-03  
2.1987449292e+00  1.6898149926e-02  6.0573492627e-04  -2.4939128687e-02  6.3941156055e-03  1.3676201479e-01  1.8627950115e-02  3.9901127468e-02  1.0650520554e-02  nan  nan  4.2716770404e-03  4.7612887090e-03  3.8231543342e-03  6.2236291244e-03  
2.2984901390e+00  1.4212178473e-02  5.7100239560e-04  -3.2490064264e-02  7.7722039689e-03  1.4878611740e-01  2.3846303735e-02  5.4732044167e-02  1.2010849923e-02  nan  nan  5.6796346057e-03  7.2279565409e-03  -6.6921368631e-03  6.7122915775e-03  
2.3994907533e+00  1.0894478078e-02  4.8003272202e-04  -3.5330056807e-02  9.3724358588e-03  1.4899454804e-01  2.3345113979e-02  2.9974710937e-02  1.0276447299e-02  nan  nan  8.7638280717e-03  8.0997537983e-03  -3.1341585946e-03  6.4740559163e-03  
2.4978680129e+00  8.7450641194e-03  3.8537507787e-04  -2.9119043237e-02  6.7974938143e-03  1.4424740101e-01  2.0431437576e-02  4.9654523817e-02  1.4754366321e-02  nan  nan  2.8574367765e-03  7.3305374051e-03  -8.6579242686e-03  9.2109975854e-03  
2.5981480473e+00  6.9649291336e-03  3.5557131915e-04  -4.0874494488e-02  9.5740296159e-03  1.3094635416e-01  2.0653389945e-02  4.9087517807e-02  1.5304060274e-02  nan  nan  1.2346349583e-02  1.0939333530e-02  -1.4321667964e-02  1.3659273289e-02  
2.6975197678e+00  5.5755447277e-03  2.8523845765e-04  -4.6075905097e-02  1.1207003619e-02  1.4633134239e-01  2.4383814110e-02  6.2794552122e-02  1.6796659918e-02  nan  nan  4.9995291654e-03  8.8759578927e-03  5.6290991240e-03  7.9642514723e-03  
2.7991415190e+00  4.5344640938e-03  2.4951012923e-04  -6.4474157658e-02  1.4414869741e-02  1.6202060801e-01  2.5750819956e-02  5.7198108419e-02  1.5501775200e-02  nan  nan  -3.3665513289e-03  6.9331984456e-03  -1.7214953689e-03  8.8418127226e-03  
2.8987625652e+00  3.3409353368e-03  1.9473882938e-04  -5.0464444449e-02  1.2742559185e-02  1.9094973003e-01  2.8504402872e-02  9.9388457751e-02  2.3198858850e-02  nan  nan  1.2029062947e-02  1.2407159674e-02  -9.7497818464e-03  1.1260896567e-02  
2.9960094084e+00  2.7411112395e-03  1.6134147483e-04  -5.7910584143e-02  1.4518116177e-02  1.6991685922e-01  3.2232873488e-02  6.7803810186e-02  2.0224639667e-02  nan  nan  2.0620574976e-03  1.0357882353e-02  -1.1052965077e-02  1.5273212705e-02  
3.0972318180e+00  1.9372593681e-03  1.3052598049e-04  -3.6211699759e-02  1.3449635038e-02  1.3430603618e-01  3.2592563706e-02  2.6150042512e-02  1.8586281630e-02  nan  nan  4.6561103107e-04  1.1840978232e-02  2.3027576999e-03  1.0717889106e-02  
3.1967571597e+00  1.5782280115e-03  1.0942926917e-04  -7.6922752196e-02  1.9477366272e-02  1.9078699506e-01  3.8067072651e-02  5.0078710171e-02  2.0332777337e-02  nan  nan  4.8126214563e-03  9.7049474471e-03  9.0713735821e-03  1.5824926080e-02  
3.2990655365e+00  1.1891759363e-03  9.2056811522e-05  -7.5585935016e-02  2.1560568160e-02  1.5354526337e-01  2.8918745721e-02  6.0675599473e-02  2.7557629813e-02  nan  nan  3.0813298258e-03  1.2888889659e-02  -7.4923320552e-03  1.4883007620e-02  
3.3980015088e+00  9.6954263085e-04  7.7461012468e-05  -4.6415741744e-02  2.4845034830e-02  1.2683197768e-01  2.9481864162e-02  1.4452572508e-01  3.6822058663e-02  nan  nan  -2.3806673393e-03  1.4825657325e-02  -7.3862557513e-03  1.6143928390e-02  
3.4965696133e+00  6.9869290388e-04  6.2844999759e-05  -6.0121160986e-02  2.0281857984e-02  2.0023883225e-01  3.9833912964e-02  2.9640173168e-02  3.4138608798e-02  nan  nan  1.8409152809e-02  2.0770385673e-02  3.4101222475e-02  3.4358681969e-02  
3.5963366817e+00  5.2441866347e-04  4.8241218538e-05  -9.0137437024e-02  2.4952761865e-02  8.1932025381e-02  4.5157478035e-02  3.4528223249e-02  3.8141917729e-02  nan  nan  9.5604335905e-03  1.7806996550e-02  -4.0057993681e-02  3.7986151884e-02  
3.6929816768e+00  3.2537930734e-04  3.1887841630e-05  -5.9223614610e-02  3.3811996463e-02  2.4258259045e-01  6.8098042141e-02  5.5001404593e-02  5.0976375490e-02  nan  nan  3.5445291244e-02  3.4604943466e-02  -5.2328731987e-02  4.7231480051e-02  
3.7965541622e+00  1.8025984248e-04  2.3531777491e-05  -7.2542457249e-02  4.6239081556e-02  2.7501622328e-01  9.3110966081e-02  7.4158626136e-03  6.6331323961e-02  nan  nan  6.5292364827e-04  3.1087699780e-02  2.9056323990e-02  4.1049481169e-02  
3.8949443607e+00  1.1849959648e-04  1.5873163638e-05  -4.8253304943e-02  5.0547856173e-02  1.7069842092e-01  8.5376137759e-02  1.2473930525e-01  7.6952815442e-02  nan  nan  5.8482329668e-02  5.3633904256e-02  2.8549978107e-02  4.6221451690e-02  
3.9958591593e+00  8.9617428320e-05  1.3904880903e-05  -1.2422820328e-01  7.1039117338e-02  -9.3415275872e-02  9.9202638226e-02  7.9472538846e-03  9.3136016209e-02  nan  nan  -2.1380796963e-02  4.1995405195e-02  7.2303636510e-02  7.5162342477e-02  
