#y  dN/dy  dN/dy_err  vn{2}(y)  vn{2}(y)_err
-4.8963175448e+00  1.0000000000e-04  4.8989794856e-05  1.9999999997e-01  4.8989794849e-02  3.1281214650e-02  1.5967715512e-02  1.9999999996e-01  4.8989794846e-02  1.2950616520e-02  1.4048464989e-02  2.0000000001e-01  4.8989794857e-02  1.6197924000e-04  1.5024176105e-02  2.0000000000e-01  4.8989794855e-02  -1.9268933400e-04  1.3340124790e-02  2.0000000001e-01  4.8989794857e-02  5.0092311700e-03  1.6321638333e-02  1.9999999999e-01  4.8989794852e-02  5.1452259800e-03  1.5530422638e-02  
-4.6737598155e+00  1.0000000000e-03  1.5000000000e-04  5.4481946518e-01  4.1028498679e-02  -4.7428705265e-02  3.5652224367e-02  5.4274721126e-01  4.1629745701e-02  -3.5532354564e-02  4.2387323493e-02  5.5325686211e-01  4.1195192469e-02  -1.4747206901e-02  4.2276242785e-02  5.6179319726e-01  4.0817456458e-02  6.6686331388e-02  3.5873661755e-02  5.4549645710e-01  4.1405885105e-02  -3.8731310706e-02  3.9815541694e-02  5.5814432236e-01  4.0995980625e-02  5.2718734321e-02  4.0851385518e-02  
-4.3890393727e+00  1.4475000000e-02  6.6454401660e-04  4.9881446980e-01  2.6297652117e-02  -5.4244257817e-02  3.4756917719e-02  4.2854761645e-01  2.7301710239e-02  -2.6118779036e-02  2.8155794370e-02  4.6727420179e-01  2.5947649408e-02  -8.0195546371e-03  3.3421921674e-02  5.1496168618e-01  2.7052520194e-02  3.1323344557e-02  3.6245854283e-02  4.9629163125e-01  2.6979419791e-02  -2.1296022580e-02  3.7503546425e-02  4.7847339769e-01  2.7599264957e-02  2.8974123531e-02  3.4880876759e-02  
-4.1720820490e+00  1.0945000000e-01  2.2739228219e-03  1.5000082331e-01  6.9730401490e-03  3.4911349620e-03  1.0383378871e-02  1.5874675685e-01  8.4570482302e-03  9.2485452423e-03  1.1570005145e-02  1.6471627661e-01  8.1874769863e-03  -1.4823787942e-02  1.1362029123e-02  1.4969051589e-01  8.2512169948e-03  1.5319805299e-02  9.6733189384e-03  1.5243859969e-01  8.6282343291e-03  1.1126016393e-02  1.0540382143e-02  1.4802811701e-01  8.2460601411e-03  2.1586320156e-03  1.0041743113e-02  
-3.9749681279e+00  6.8095000000e-01  1.2383344661e-02  7.0299822537e-02  3.4352178629e-03  -4.7010383470e-03  4.8358754949e-03  8.4117338106e-02  3.8156638849e-03  2.2804067522e-03  5.8429014318e-03  6.3873520278e-02  3.4379065697e-03  -6.8613726380e-03  4.2061777387e-03  6.5850859066e-02  2.9599277081e-03  -5.3384704451e-03  4.9287751521e-03  6.7256454831e-02  3.1951267755e-03  -1.0830760047e-02  4.8258447323e-03  6.7781398282e-02  3.2324857449e-03  4.5925785428e-04  4.6961436406e-03  
-3.7969343856e+00  1.2452750000e+00  1.9975669419e-02  5.4206829545e-02  2.4981231935e-03  -1.2458747489e-04  3.7349951347e-03  7.1925475551e-02  3.5993307581e-03  2.9070127171e-03  4.7940961854e-03  5.0225929493e-02  2.4163733841e-03  -2.6476176897e-03  3.3625138169e-03  4.7227286633e-02  2.1912851104e-03  5.6162415873e-04  3.2606131652e-03  4.5620666213e-02  2.7800536253e-03  -8.0947949145e-04  3.1670880470e-03  4.9752565089e-02  2.4073958106e-03  -1.0908931239e-03  3.1810267628e-03  
-3.5996314099e+00  1.3766500000e+00  2.1570559219e-02  5.1043035088e-02  2.4124051126e-03  -8.5147291136e-04  3.6734923207e-03  7.3365042832e-02  3.6198363431e-03  4.6688759994e-03  5.0730031472e-03  4.3626024799e-02  2.0675108515e-03  -4.7989761928e-03  2.8099477060e-03  4.9341027314e-02  2.4607944521e-03  9.4368414810e-04  3.5442750147e-03  4.5272732669e-02  2.9458254661e-03  2.6733471346e-03  3.0011781898e-03  4.6063003353e-02  2.2080279978e-03  3.2194007150e-04  3.1223348495e-03  
-3.4000182885e+00  1.3894750000e+00  2.2648738789e-02  5.2773728213e-02  2.6986132517e-03  -2.4237193025e-03  3.5320603694e-03  6.8684478983e-02  3.6881999018e-03  6.4915565280e-03  4.7963727908e-03  4.9229703014e-02  2.1813735548e-03  -5.1815668779e-03  3.4333000037e-03  5.2702304205e-02  2.6182567105e-03  -2.7694556901e-03  3.6257695958e-03  4.4919562488e-02  2.6906568964e-03  -3.3301555424e-03  3.1269626726e-03  4.4823735095e-02  2.1111566154e-03  3.7573180543e-03  3.1671821722e-03  
-3.2005550086e+00  1.3701750000e+00  2.0708460077e-02  5.5270873777e-02  2.8006720336e-03  -1.7835074158e-03  3.9877903617e-03  6.7479778642e-02  3.0112911639e-03  3.6985866830e-03  4.5432381429e-03  5.2268939470e-02  2.4338589315e-03  -1.8750949435e-04  3.6575955909e-03  4.5010643400e-02  2.6636767376e-03  6.0769800181e-03  3.0494702253e-03  4.5929116143e-02  2.5610843288e-03  9.4781601145e-04  3.1874625933e-03  4.5358282860e-02  2.2017687405e-03  1.6418938563e-03  3.0472406225e-03  
-3.0004468847e+00  1.3668000000e+00  2.1133329127e-02  5.5780980061e-02  2.9586388383e-03  6.8983752075e-04  3.5125056073e-03  6.9744991744e-02  3.6266038142e-03  4.3660948044e-03  4.6294018203e-03  5.1533822067e-02  2.8920544025e-03  -1.2343691709e-03  3.6772645056e-03  4.6350331176e-02  2.4494331967e-03  2.0507103452e-04  3.1963340176e-03  4.6065865866e-02  2.2031239194e-03  -5.9826272193e-04  3.4226222381e-03  4.4473573965e-02  2.0691865865e-03  5.5194363283e-04  3.0616249483e-03  
-2.8001279176e+00  1.3681750000e+00  2.1443409681e-02  4.8339870787e-02  2.5264801032e-03  -5.8184212075e-03  3.2092650172e-03  6.6313178330e-02  2.9278667143e-03  6.6777893204e-03  4.6502082134e-03  4.9834789817e-02  2.3302261288e-03  -8.6804798513e-03  3.1001431511e-03  5.0816164954e-02  2.2276845212e-03  -5.7333152130e-03  3.6263976383e-03  4.7533994988e-02  2.2250209077e-03  1.6293091819e-03  3.3749325598e-03  4.6056539515e-02  1.9570520200e-03  2.6738490550e-04  3.2387653898e-03  
-2.6002820614e+00  1.3642750000e+00  2.2623309191e-02  5.9361680490e-02  2.7142419062e-03  -5.7129318614e-03  4.0003979756e-03  6.7710777899e-02  3.3715636975e-03  3.8319050016e-03  4.8240670985e-03  5.0005016263e-02  2.5264196360e-03  -7.7046168121e-03  3.1643587461e-03  4.7610837090e-02  2.8860793968e-03  1.5189441998e-03  3.3674852441e-03  4.4960231241e-02  1.8702835513e-03  -2.2662662241e-04  3.1694070062e-03  4.6405506427e-02  1.9339583992e-03  -4.1764667231e-03  3.2066508239e-03  
-2.4000448812e+00  1.3674000000e+00  2.2739143563e-02  5.3984170622e-02  2.6450886196e-03  -4.5521217765e-03  3.7058010094e-03  7.1793285893e-02  3.8361538238e-03  3.9432689776e-03  4.8654247839e-03  4.9826528187e-02  2.7164219229e-03  3.4941400158e-04  3.7045940387e-03  4.4122294457e-02  1.9933523472e-03  -8.5541794647e-03  3.1043712423e-03  4.8927984558e-02  2.3784550896e-03  -1.9953061303e-03  3.3398726783e-03  4.6379608833e-02  2.2390779212e-03  -3.5248067458e-03  3.3550124540e-03  
-2.2003395529e+00  1.3572750000e+00  2.0902006333e-02  5.7214031615e-02  2.6104439932e-03  4.8303717343e-03  4.1801101349e-03  6.6404987122e-02  3.2223072660e-03  6.2237882430e-03  4.0303212707e-03  4.8958977294e-02  2.3988449042e-03  -3.9177408630e-03  3.7847885397e-03  4.7952104648e-02  2.2801857187e-03  -1.1866524536e-03  3.5917946959e-03  4.5259770442e-02  2.2408736494e-03  1.5857108335e-03  3.3272711972e-03  4.4947221559e-02  2.3959820520e-03  -1.6847263152e-03  2.9740525923e-03  
-2.0001914768e+00  1.3591000000e+00  2.1508850504e-02  5.5277882694e-02  2.9821327163e-03  1.7150610408e-04  3.7642554617e-03  6.8986208244e-02  3.4923729250e-03  5.9032787015e-03  4.7356681894e-03  4.9346364123e-02  2.4635271485e-03  -1.2132122005e-03  3.5412280813e-03  4.5169236514e-02  2.1751571441e-03  -3.3634718762e-03  3.4145674645e-03  4.2957022510e-02  2.2665864789e-03  8.3002421885e-04  3.1380376689e-03  4.7376591539e-02  2.4034554231e-03  -2.2686539810e-03  3.4887663738e-03  
-1.8000063765e+00  1.3657500000e+00  2.1533157572e-02  5.8035850148e-02  2.8034434704e-03  -6.4170593047e-03  3.6386772562e-03  6.8445989367e-02  2.8555427944e-03  7.5014057613e-03  4.5100203369e-03  5.0812188429e-02  2.4050415324e-03  -8.2479774826e-04  3.6385843924e-03  4.5356318005e-02  2.6213014984e-03  1.5038595254e-03  3.3359245995e-03  4.4813142841e-02  2.4384002765e-03  -3.9962406890e-03  2.8704562552e-03  4.8318693564e-02  2.2516418429e-03  -5.0809721207e-03  3.4708162331e-03  
-1.6000438391e+00  1.3632500000e+00  2.1360550672e-02  5.4737160277e-02  2.9124403470e-03  -1.5111263039e-03  3.5686481100e-03  7.5288383696e-02  4.1181032117e-03  6.4752257597e-03  5.0352935562e-03  4.8303787001e-02  2.2363236704e-03  -3.3278511896e-03  3.5505695514e-03  4.6148963614e-02  2.6479806629e-03  -3.4344747643e-03  3.2311269345e-03  4.6859195584e-02  2.1605717132e-03  -2.1321761668e-03  3.3726584606e-03  4.6728006505e-02  2.0747960918e-03  6.0131553440e-03  3.4408541321e-03  
-1.3997047623e+00  1.3670750000e+00  2.2729662750e-02  5.5282666057e-02  2.9047592028e-03  1.1602952476e-03  3.8137810364e-03  7.2910842910e-02  3.2672900319e-03  1.1854113469e-02  4.9451530080e-03  4.9660879469e-02  2.3617449373e-03  -3.6033495903e-03  3.1778634345e-03  4.1994958292e-02  1.7579851640e-03  4.1858282898e-03  3.0282630608e-03  4.5926816359e-02  2.6968701322e-03  -4.5067743582e-03  3.2439460158e-03  4.5515332185e-02  2.4496867719e-03  5.0942425770e-03  3.3144604179e-03  
-1.2003543251e+00  1.3741500000e+00  2.2718638273e-02  5.6954794525e-02  2.5466209386e-03  1.3778245466e-03  4.0716481296e-03  6.9753779199e-02  3.0199988433e-03  1.6229207798e-03  4.7728843802e-03  4.8605358796e-02  2.3831646325e-03  -4.9489445042e-04  3.3106772335e-03  4.5189874450e-02  2.2267377507e-03  -4.4945943393e-03  3.0541206902e-03  4.4948908847e-02  2.0891198305e-03  2.6168035840e-05  3.2809331411e-03  4.8029392638e-02  2.3153401557e-03  5.7816204715e-04  3.3879460962e-03  
-1.0003617720e+00  1.3686000000e+00  2.1933830035e-02  5.5427018490e-02  2.5538128549e-03  2.6837540550e-03  3.8847645669e-03  6.3948149213e-02  3.1976041013e-03  7.0663757048e-03  4.4020638567e-03  5.3789471693e-02  2.9493757091e-03  -9.8863624468e-03  3.8966469476e-03  4.6195121211e-02  2.2813941212e-03  -6.6860944452e-03  3.1532059158e-03  4.2342382675e-02  2.4668745246e-03  -1.8185153257e-03  2.9387082389e-03  4.5758684300e-02  2.1371943623e-03  -3.8457987286e-04  3.5690099683e-03  
-8.0029987045e-01  1.3735500000e+00  2.1922995347e-02  5.5006085761e-02  2.4250183956e-03  -6.8566433730e-04  3.7617982936e-03  6.4193199810e-02  3.3302828248e-03  8.3669451325e-03  4.6271274306e-03  5.1213763250e-02  2.2194772966e-03  -1.4437262191e-03  3.5168253208e-03  4.7401567237e-02  1.9868912447e-03  -3.1652256253e-03  3.4185950661e-03  4.2415830273e-02  2.1904194548e-03  8.0596432870e-04  2.8641801877e-03  4.6902356040e-02  1.9921525482e-03  -1.0073489774e-03  3.2551683923e-03  
-6.0037562654e-01  1.3776500000e+00  2.1910266429e-02  5.8376112795e-02  2.9903736509e-03  -6.3299373394e-03  3.2417131881e-03  7.0167850995e-02  3.3962364607e-03  7.4621059230e-03  4.6133920996e-03  5.3871691071e-02  2.7840177344e-03  -5.5037104873e-03  3.8618467931e-03  4.7462552245e-02  2.1995769128e-03  -3.8470305383e-03  3.1580189055e-03  4.5969424029e-02  2.5238367261e-03  -1.8202982328e-03  3.4545164955e-03  4.5932780604e-02  2.4223660178e-03  -7.6000511424e-03  3.4412389589e-03  
-4.0040009267e-01  1.3807750000e+00  2.2503657897e-02  5.3098287845e-02  2.9177121506e-03  2.7182265321e-03  3.6694943111e-03  6.8228813085e-02  3.6881808244e-03  1.1120013894e-02  4.7008597436e-03  5.0696159745e-02  2.5103575848e-03  -7.9646009531e-03  3.0006017613e-03  4.7371195524e-02  2.0402155046e-03  1.3903276876e-03  3.4120750435e-03  4.3190345525e-02  2.0317679844e-03  -1.7013944624e-03  2.7255486276e-03  4.5809820914e-02  2.1709095544e-03  -2.8454388510e-03  2.9872678059e-03  
-2.0028611500e-01  1.3735500000e+00  2.1542347249e-02  5.6267465483e-02  2.4499529367e-03  8.4163898551e-05  3.6769390140e-03  6.5898094968e-02  3.4036370196e-03  7.8234035084e-03  4.1725740476e-03  4.7817819597e-02  2.6416676434e-03  -1.6559239776e-03  3.5019869731e-03  4.5213095662e-02  1.9705207462e-03  -6.0023257181e-03  3.1173176349e-03  4.5492405856e-02  2.2400301116e-03  1.6283563119e-03  3.2766066584e-03  4.2124875530e-02  1.9412595179e-03  1.2959216422e-03  2.9806369663e-03  
-1.4539477410e-04  1.3787750000e+00  2.1864797478e-02  5.2351771497e-02  2.6437232413e-03  -2.5531865826e-03  3.4896381510e-03  6.0099540775e-02  3.0524574944e-03  8.8273600171e-03  4.5570637901e-03  4.8039930038e-02  2.3678821736e-03  -7.4848629130e-04  3.2941291658e-03  4.4616007751e-02  2.3772659890e-03  -3.0492132571e-03  3.1116895562e-03  4.8352394187e-02  2.4087643892e-03  5.5108941518e-03  3.5170151078e-03  4.4973005631e-02  2.1035696152e-03  3.4202663317e-03  2.9557402956e-03  
1.9976631091e-01  1.3734750000e+00  2.2144917447e-02  5.7762791573e-02  2.8493926411e-03  -4.7595043016e-03  4.2258440041e-03  6.8219864447e-02  3.0142816454e-03  4.5665143828e-03  4.8236547179e-03  5.1285753173e-02  2.8038292927e-03  -4.6933300040e-03  3.7550987820e-03  4.9757553484e-02  2.5212862746e-03  1.6851974820e-03  3.4062622903e-03  4.8216945648e-02  2.4298689004e-03  6.0362584595e-03  3.4184598623e-03  4.7921619241e-02  2.1865270640e-03  -3.2072683059e-03  3.0938828726e-03  
3.9989854563e-01  1.3648000000e+00  2.2091844649e-02  5.2156831286e-02  2.5142599394e-03  -3.2364667212e-03  3.5495211892e-03  6.9236367016e-02  3.5159443263e-03  3.3556772962e-03  4.5280247924e-03  4.9014245267e-02  2.4335816385e-03  -4.8768628440e-03  3.6701690753e-03  4.8961983961e-02  2.2320728871e-03  -4.9749976588e-03  3.7920355735e-03  4.6980894496e-02  2.5956332584e-03  -1.0872728167e-03  3.3379190461e-03  4.8626953301e-02  2.4946054265e-03  4.6332754738e-03  3.3960497679e-03  
6.0028723211e-01  1.3695000000e+00  2.3258385585e-02  5.4733025472e-02  2.6261919030e-03  5.1019601861e-04  3.9165323030e-03  6.4882472293e-02  2.8495397216e-03  5.8241997791e-03  4.3206044082e-03  4.9935641253e-02  2.4359028955e-03  -4.1945371449e-03  3.7531064751e-03  5.0246304180e-02  2.2266914975e-03  -5.7896653062e-03  3.7948740837e-03  4.6138327736e-02  2.3763490437e-03  -1.0744117436e-03  3.3160381030e-03  4.4903944639e-02  2.2936680968e-03  2.3223299891e-04  3.3663698084e-03  
7.9952415368e-01  1.3747500000e+00  2.1907604273e-02  5.4494585942e-02  2.4244054148e-03  2.8990181207e-03  3.6830718339e-03  6.7869359040e-02  2.9667031643e-03  7.7852749586e-03  4.6658731057e-03  4.7085551983e-02  2.5023692902e-03  5.2507626355e-04  3.3240685858e-03  4.3103832449e-02  2.0139254555e-03  2.9484936600e-03  2.9017021630e-03  4.6831021588e-02  2.2897956614e-03  1.5826359547e-03  3.3918994365e-03  4.7634085724e-02  2.5568194760e-03  6.0763493059e-04  3.2400132700e-03  
9.9957286911e-01  1.3717000000e+00  2.1879296150e-02  5.9155765126e-02  2.9427872714e-03  -6.5614936338e-04  4.1595192588e-03  6.3064783789e-02  3.4654222829e-03  9.4313875895e-03  4.5292265921e-03  4.9268655391e-02  2.4867393930e-03  -4.1836801196e-03  3.4311172909e-03  4.4169609653e-02  1.9222635522e-03  1.4301071473e-03  3.1462974349e-03  4.5551271763e-02  2.2805346427e-03  8.9618896660e-05  3.3482193165e-03  4.7888943719e-02  2.4190139954e-03  -6.3850720874e-04  3.0049379159e-03  
1.1995821659e+00  1.3750000000e+00  2.1759423246e-02  5.2844791105e-02  2.4763324087e-03  -1.7188445443e-03  3.6102614995e-03  7.1437188414e-02  3.8060805053e-03  4.5171138834e-03  4.5881519447e-03  5.3525001532e-02  2.8392341742e-03  -4.4606962840e-03  3.8855549316e-03  5.0752238501e-02  2.4565438776e-03  8.6144828202e-04  3.5505569070e-03  4.7473659050e-02  2.6290274475e-03  -7.1669461771e-03  3.2461119545e-03  4.6226115143e-02  2.3979839772e-03  -4.0687119242e-03  3.3712457373e-03  
1.3998906123e+00  1.3698750000e+00  2.3328747689e-02  6.0324444210e-02  3.5746079970e-03  -5.5549387473e-04  4.3163589138e-03  7.0234720256e-02  3.7931589065e-03  4.5601864951e-03  5.1761404139e-03  5.0646090567e-02  2.7468599301e-03  -5.2539239423e-03  3.7027020376e-03  4.6000865008e-02  1.9459117048e-03  3.5024975034e-03  3.3364923562e-03  4.7450704263e-02  2.0667274329e-03  -2.0389685784e-03  3.4772439757e-03  3.9051629486e-02  2.0730418124e-03  -4.5241121370e-03  2.7511684030e-03  
1.5996650020e+00  1.3714750000e+00  2.2117303605e-02  5.5337725764e-02  2.7282304091e-03  2.4675848197e-03  3.8045155567e-03  6.9091057375e-02  3.5129556741e-03  8.9071999454e-03  4.5643712751e-03  5.0448671789e-02  2.9422224751e-03  -2.4671434584e-03  3.5169007165e-03  4.6880896492e-02  2.1870887306e-03  -1.7649024382e-04  3.1668660452e-03  4.8624285202e-02  2.7207379823e-03  2.7809441718e-04  3.5568599370e-03  4.4831338887e-02  2.9691693524e-03  1.7469667501e-03  3.0324967444e-03  
1.7997945718e+00  1.3615750000e+00  2.1884545203e-02  6.1506988342e-02  2.9206799535e-03  1.1303783571e-02  4.2493258168e-03  7.3012734214e-02  3.6674926510e-03  1.3486940081e-02  4.8534764014e-03  4.9294877265e-02  2.3104385837e-03  7.7085469412e-04  3.4732037925e-03  4.0827858665e-02  2.0285307116e-03  -2.0447618913e-03  3.2010600845e-03  5.1390942278e-02  2.6938273645e-03  -4.0872566483e-03  3.2088840786e-03  4.4256801819e-02  2.1989962915e-03  -3.5729969605e-04  3.3744985061e-03  
1.9996036315e+00  1.3680000000e+00  2.2638103940e-02  5.3610210897e-02  2.6510692631e-03  -7.6148228989e-03  3.3206670123e-03  6.9823588164e-02  3.3890483933e-03  3.1132189546e-03  4.7852014372e-03  5.0363680707e-02  2.9668436960e-03  -2.6386119497e-03  3.8207583630e-03  4.5474940526e-02  2.4952049238e-03  -3.8160424157e-03  3.2616120882e-03  4.5029640641e-02  2.7296866616e-03  3.1087184482e-03  2.9050163900e-03  4.4101657102e-02  3.0113644996e-03  1.8418150825e-03  2.7021251751e-03  
2.2000171210e+00  1.3633500000e+00  2.0359648204e-02  5.3068562267e-02  2.8526516336e-03  -1.6085435448e-03  3.7344066036e-03  7.5031747061e-02  4.1880516498e-03  8.6380172976e-03  4.8009285324e-03  4.8927781473e-02  2.4985170480e-03  -4.0488013848e-03  3.3561451231e-03  4.6843572972e-02  2.0865591281e-03  2.5944169954e-03  3.2424855094e-03  4.6084762792e-02  2.0242945505e-03  1.5180104854e-03  3.0961581915e-03  4.4322189663e-02  2.1462988763e-03  4.1271554077e-04  3.2515723372e-03  
2.4001959081e+00  1.3498250000e+00  2.1555836072e-02  5.6599983981e-02  2.7278973132e-03  -3.0158399149e-04  3.9903927363e-03  6.8205682156e-02  3.6509595209e-03  8.3468835211e-04  4.3524288396e-03  4.9161686063e-02  2.3791031143e-03  -8.1471165445e-03  3.7880876631e-03  4.6859681874e-02  3.0184711514e-03  -5.2427143118e-03  3.5971341691e-03  4.7084885875e-02  2.1960904106e-03  2.6365207188e-03  3.1658309630e-03  4.6596039817e-02  2.2741347789e-03  1.3113275681e-03  3.3328193907e-03  
2.5999095192e+00  1.3641000000e+00  2.2423774214e-02  5.5341441059e-02  2.9696984290e-03  2.4348347435e-03  4.0489155650e-03  6.6663451415e-02  3.6404084950e-03  7.3498444864e-03  4.7070080647e-03  4.7186520698e-02  2.3938427600e-03  -1.9968563877e-03  3.3386940802e-03  4.5178848785e-02  2.3767284329e-03  7.1037364660e-04  3.1951650181e-03  4.6761513045e-02  2.3339211497e-03  2.7650576903e-03  3.0931639306e-03  4.7378558053e-02  2.3965327960e-03  1.7251986721e-03  3.5378610602e-03  
2.7998869733e+00  1.3660500000e+00  2.1610882097e-02  5.6814930448e-02  2.5655458384e-03  -4.5156323558e-03  3.5738309425e-03  6.7963560268e-02  4.1909184773e-03  5.1865641094e-03  4.2576215472e-03  5.0885955094e-02  2.5523616302e-03  1.7240713552e-03  3.5221714215e-03  4.9878232477e-02  2.3319725588e-03  -1.0784940330e-04  3.6945513649e-03  4.3117967559e-02  2.0191449390e-03  -1.4657301926e-03  3.0900518643e-03  4.6155606516e-02  2.1265956110e-03  3.4290920894e-03  3.0691157333e-03  
3.0003368757e+00  1.3656000000e+00  2.0851472370e-02  5.4741220264e-02  2.6551739059e-03  -3.7959435234e-03  3.5346826982e-03  6.5913081855e-02  3.2538947144e-03  1.0879953514e-02  4.3826452867e-03  4.9627864137e-02  2.5880109928e-03  1.7136184371e-03  3.4932946275e-03  4.6782888274e-02  2.9703672528e-03  -3.0887806577e-03  3.4373229719e-03  4.5628349766e-02  2.1150477955e-03  -2.4939782321e-03  3.2218063145e-03  4.2939787504e-02  2.1391769811e-03  2.3701766605e-03  2.7005326159e-03  
3.1998934172e+00  1.3831000000e+00  2.0559520909e-02  5.4563904021e-02  2.4353577253e-03  -1.6422345949e-03  3.6989863970e-03  6.5207220338e-02  3.2470437893e-03  3.8648837190e-03  4.3276767378e-03  4.4623651518e-02  2.2388527782e-03  -6.7421512631e-03  3.0289069138e-03  4.7511857979e-02  2.3679090437e-03  -1.5017561613e-03  3.3206028775e-03  4.8257172524e-02  2.3068852320e-03  -1.0504318838e-04  3.3688686262e-03  4.4923253349e-02  1.8462202597e-03  2.0636886264e-03  3.4277053501e-03  
3.3999764831e+00  1.3940750000e+00  2.1392658057e-02  5.7671589871e-02  3.2762478732e-03  -1.6825121148e-03  4.0177334716e-03  7.3069136879e-02  3.4272780841e-03  9.4308056236e-03  4.7711985610e-03  5.0356375031e-02  2.7871494556e-03  -4.4900150901e-03  3.8291778195e-03  4.8279778405e-02  1.9345579518e-03  8.5270408230e-04  3.3799056490e-03  4.7729661349e-02  2.6099979338e-03  1.3597140378e-04  3.3688839261e-03  4.3754552653e-02  2.3645863081e-03  3.7637221369e-03  3.1773292376e-03  
3.5994989581e+00  1.3778250000e+00  2.1904470291e-02  5.6114648481e-02  2.5325217750e-03  6.8188719466e-03  3.6794823076e-03  7.0493316222e-02  3.7125618060e-03  4.0907602237e-03  4.9315974263e-03  4.8033969049e-02  2.3462115807e-03  -2.4006363245e-03  3.6262188048e-03  4.2486884640e-02  2.9013273574e-03  -5.3211764566e-03  2.8147467984e-03  4.3551456946e-02  2.1349354578e-03  -2.1941577655e-03  3.3701611640e-03  4.8533219032e-02  2.7554349513e-03  -4.2163820322e-04  3.6002604749e-03  
3.7966393796e+00  1.2541500000e+00  1.9001947926e-02  5.7504494365e-02  2.2865728837e-03  1.8747837404e-04  3.9461392079e-03  6.7109354037e-02  2.8768573783e-03  1.6992980868e-02  4.7701460651e-03  5.3718754919e-02  2.7123113793e-03  -5.0641093969e-03  3.8747482932e-03  4.7471180362e-02  2.5356387215e-03  -2.8632557931e-03  3.3965792184e-03  4.8665569369e-02  2.4156610493e-03  3.8418750371e-03  3.3077872255e-03  5.1645304455e-02  2.4511251769e-03  -4.8463993500e-03  3.5986812307e-03  
3.9741224490e+00  6.7987500000e-01  1.1831175713e-02  7.4837111794e-02  3.4299607402e-03  -7.9429112597e-03  5.2255727213e-03  8.4467574922e-02  4.1698949259e-03  1.1554520876e-02  6.3257373808e-03  6.5634907876e-02  3.3767462821e-03  -1.1406495919e-03  4.6740190225e-03  6.3526352730e-02  2.9436602614e-03  -3.2828397268e-03  4.5418714245e-03  6.3952165028e-02  3.2399118740e-03  -2.2020673125e-03  4.6280846519e-03  6.7462637457e-02  2.9716473702e-03  6.9535940786e-04  4.8530911002e-03  
4.1668895233e+00  1.0905000000e-01  2.3382097853e-03  1.6455083410e-01  8.2162388338e-03  2.2118238642e-03  1.1633210511e-02  1.7535465006e-01  8.2004317921e-03  1.3693596084e-02  1.2602454830e-02  1.6649742120e-01  7.5038427639e-03  -8.9879315885e-03  1.2700993451e-02  1.5151181971e-01  7.7431011927e-03  -3.6692637498e-03  1.1800342251e-02  1.6249665115e-01  8.6841974048e-03  -1.9895079485e-02  1.1610651873e-02  1.4979592418e-01  6.8864535729e-03  -1.2291973737e-02  1.0811009471e-02  
4.3551610677e+00  1.4875000000e-02  6.6837021926e-04  4.7155001601e-01  2.7049670674e-02  -3.8382156831e-02  3.4856615897e-02  5.2695135285e-01  2.7181147522e-02  1.4636947024e-02  3.8047017655e-02  4.9781493213e-01  2.6101663189e-02  6.3940293715e-02  3.3271418463e-02  5.1516538531e-01  2.6105999712e-02  -3.5971552970e-02  3.6888016292e-02  4.9396683313e-01  2.5794854004e-02  5.7901334644e-02  3.7754698148e-02  4.7342026288e-01  2.5794808750e-02  -3.4559397744e-03  3.5177365057e-02  
4.5111897706e+00  1.2500000000e-03  1.7500000000e-04  5.6512016816e-01  3.9654795244e-02  -2.9376119568e-02  3.8646978067e-02  5.6057823774e-01  4.0061020213e-02  -3.8949145678e-02  3.5396435787e-02  5.7017499107e-01  3.9672345002e-02  2.6817272733e-02  4.1663319654e-02  5.7071894813e-01  4.0206535512e-02  -7.4731413294e-02  4.4180264940e-02  5.6939281736e-01  3.9903980836e-02  3.3550651950e-02  4.0931618173e-02  5.6836387881e-01  3.9401705117e-02  8.0616508490e-03  3.8829626555e-02  
4.7010692148e+00  1.2500000000e-04  5.4486236794e-05  2.2360679773e-01  4.8733971720e-02  2.5679344690e-03  1.6873038807e-02  2.2360679773e-01  4.8733971721e-02  6.9530763100e-03  1.7887249788e-02  2.2360679775e-01  4.8733971723e-02  1.0083162340e-02  1.6959013815e-02  2.2360679776e-01  4.8733971725e-02  1.4087431530e-02  1.8256469820e-02  2.2360679776e-01  4.8733971727e-02  -1.5600934090e-02  1.6639152803e-02  2.2360679771e-01  4.8733971715e-02  7.7249702600e-03  1.8793612173e-02  
4.9000000000e+00  0.0000000000e+00  0.0000000000e+00  0.0000000000e+00  0.0000000000e+00  0.0000000000e+00  0.0000000000e+00  0.0000000000e+00  0.0000000000e+00  0.0000000000e+00  0.0000000000e+00  0.0000000000e+00  0.0000000000e+00  0.0000000000e+00  0.0000000000e+00  0.0000000000e+00  0.0000000000e+00  0.0000000000e+00  0.0000000000e+00  0.0000000000e+00  0.0000000000e+00  0.0000000000e+00  0.0000000000e+00  0.0000000000e+00  0.0000000000e+00  0.0000000000e+00  0.0000000000e+00  
