#pT  dN/(2pi dy pT dpT)  dN/(2pi dy pT dpT)_err  vn[2]  vn[2]_err
1.0366844778e-01  9.9789970063e-04  2.5815161271e-04  nan  nan  nan  nan  1.2443512188e+02  6.5508789756e+01  nan  nan  nan  nan  nan  nan  
2.0571322861e-01  1.3926129076e-03  2.2235552992e-04  1.1105095244e+02  1.3287718946e+02  nan  nan  nan  nan  nan  nan  1.3279954833e+02  1.2036420856e+02  1.6669700927e+02  9.5327179104e+01  
3.0285767486e-01  1.3400522373e-03  1.8762644846e-04  nan  nan  1.0976150976e+02  1.6232189286e+02  nan  nan  nan  nan  1.8027044562e+02  8.2766363176e+01  1.3650797744e+02  1.1043331250e+02  
4.0183878266e-01  1.2872166335e-03  1.5435170377e-04  1.0720830120e+02  1.5367836781e+02  1.6102126798e+02  9.8104232481e+01  2.2765952555e+02  8.0731702566e+01  1.4659332806e+02  1.1266313031e+02  nan  nan  2.5649981333e+02  7.0931860626e+01  
5.0071227046e-01  1.3508926142e-03  1.3740657041e-04  nan  nan  2.4059553200e+02  6.5739306562e+01  nan  nan  nan  nan  1.9310407473e+02  9.7567760151e+01  nan  nan  
5.9728244147e-01  1.2923558776e-03  1.2979751407e-04  1.6825151092e+02  9.9382506165e+01  nan  nan  3.1499827581e+02  6.4436801892e+01  nan  nan  5.2741656189e+01  3.1040861628e+02  nan  nan  
7.0026743291e-01  1.5000306670e-03  1.4182545190e-04  nan  nan  1.4778451421e+02  8.5582949578e+01  1.8711285418e+02  9.2766223529e+01  2.5330903147e+02  6.7693431130e+01  1.3668242836e+02  1.0871367401e+02  7.3005532647e+01  1.9855378044e+02  
8.0098101959e-01  1.2716801156e-03  1.2092981699e-04  3.2097743034e+01  5.3837542054e+02  1.5183875753e+02  1.0750666991e+02  nan  nan  2.4103446419e+02  7.3599684879e+01  1.1344805508e+02  1.5682770318e+02  nan  nan  
9.0021144406e-01  1.2641006186e-03  9.8638787039e-05  1.6609401346e+02  1.1456439433e+02  nan  nan  nan  nan  nan  nan  nan  nan  nan  nan  
1.0017618618e+00  1.0565189309e-03  9.6020864657e-05  1.3153823279e+02  1.1498627881e+02  1.4860947786e+02  1.0275965019e+02  4.7666861032e+01  3.4394912198e+02  nan  nan  1.6619760207e+02  9.7226998910e+01  1.4257615814e+02  1.2226401415e+02  
1.1002944595e+00  1.0776245541e-03  9.2334008373e-05  nan  nan  nan  nan  nan  nan  nan  nan  1.7318762111e+02  1.0525568293e+02  4.2429710975e+01  3.5949949190e+02  
1.2020488564e+00  1.1254259838e-03  8.1349800150e-05  nan  nan  1.1623746264e+02  1.3145835766e+02  nan  nan  2.3359272678e+02  6.1526353583e+01  nan  nan  1.7033416435e+02  9.6113626291e+01  
1.3002376055e+00  1.1077607888e-03  9.4297162350e-05  nan  nan  nan  nan  2.4846953213e+02  5.7875965459e+01  1.9113970283e+02  8.9043487735e+01  1.5829622030e+02  9.6518200610e+01  nan  nan  
1.4017957901e+00  1.0047977423e-03  8.3375897803e-05  nan  nan  nan  nan  nan  nan  nan  nan  1.1431203858e+02  1.2443464551e+02  1.6985582443e+02  9.9865538382e+01  
1.4975827543e+00  9.8835337573e-04  7.2865915685e-05  nan  nan  9.8144159048e+01  1.3852296496e+02  1.4691803023e+02  8.9512621155e+01  nan  nan  2.1809319081e+02  5.7415061873e+01  1.6021581385e+02  9.1396003031e+01  
1.5964498197e+00  9.1717601084e-04  7.1792837083e-05  nan  nan  1.3337028934e+02  9.4769753399e+01  nan  nan  nan  nan  1.9892554598e+01  6.4386166809e+02  nan  nan  
1.6974084245e+00  7.2197889694e-04  5.9456701917e-05  nan  nan  nan  nan  nan  nan  1.5371612869e+02  9.1173360840e+01  5.3766916244e+01  2.9277132108e+02  nan  nan  
1.7989277379e+00  6.8123529155e-04  5.9157355116e-05  9.2598632114e+01  1.5508178712e+02  6.9861692629e+01  2.4772017481e+02  nan  nan  2.3994932251e+02  6.3818443393e+01  1.6328372422e+02  9.5854084471e+01  nan  nan  
1.9005888959e+00  6.8247940905e-04  5.9993886907e-05  1.5957902222e+02  1.0396438399e+02  1.4160138434e+02  1.0085532959e+02  nan  nan  8.0446716110e+00  1.8547156841e+03  1.1788124223e+02  1.2260129430e+02  nan  nan  
1.9958865862e+00  6.2198351594e-04  4.6945995363e-05  3.6182682176e+01  4.2055318647e+02  1.4731625636e+02  9.4904293232e+01  nan  nan  nan  nan  nan  nan  nan  nan  
2.1023876233e+00  5.5262458361e-04  4.7704273275e-05  nan  nan  7.1398996555e+01  2.0587863728e+02  nan  nan  9.2474894052e+01  2.1396392340e+02  1.3218912871e+01  1.3651803058e+03  9.3156277252e+01  1.8666268752e+02  
2.1992811448e+00  4.8123923308e-04  4.2522809177e-05  nan  nan  1.0834007074e+02  1.2465023571e+02  7.5616405532e+01  1.7735855627e+02  nan  nan  nan  nan  2.2010570888e+02  6.9929840313e+01  
2.2999723005e+00  4.2903153509e-04  3.7939535870e-05  nan  nan  2.3727324559e+02  7.4909743546e+01  nan  nan  1.5233871174e+02  1.1051976118e+02  nan  nan  1.4640085713e+02  1.0849746649e+02  
2.4018032621e+00  4.3734748824e-04  4.0274591718e-05  nan  nan  nan  nan  2.0208675025e+02  8.2297766865e+01  2.3282802484e+02  6.1993214471e+01  nan  nan  1.4866597014e+02  1.1758004220e+02  
2.4985830653e+00  3.9492809388e-04  3.9297120786e-05  nan  nan  1.9905825972e+02  7.6829955846e+01  nan  nan  1.3187768623e+02  1.1053230570e+02  1.7500739227e+02  8.9917320672e+01  nan  nan  
2.6006793686e+00  2.9374775524e-04  3.1180685809e-05  nan  nan  1.0893086657e+02  1.3777838475e+02  nan  nan  nan  nan  2.0996162593e+02  7.0151621310e+01  1.2481635666e+02  1.2971812623e+02  
2.7015591442e+00  3.1223495514e-04  2.9403059012e-05  2.4801813765e+02  5.5789334553e+01  nan  nan  nan  nan  nan  nan  1.7438550022e+02  7.4629333052e+01  1.8409493002e+02  8.5520529946e+01  
2.8038851170e+00  2.2704916419e-04  2.8943202968e-05  nan  nan  nan  nan  nan  nan  7.3025370436e+01  2.2875526245e+02  1.1019077616e+02  1.5971766804e+02  1.4858493018e+02  1.0154012598e+02  
2.8963530050e+00  2.4178052488e-04  2.8626849918e-05  nan  nan  nan  nan  1.9821119657e+02  9.5326368506e+01  1.6404151471e+02  9.6472321122e+01  nan  nan  nan  nan  
2.9972127677e+00  1.6461304610e-04  2.3079082332e-05  1.2671791518e+02  1.0407734967e+02  1.0944737310e+02  1.4325989567e+02  8.5745288306e+01  1.7751026454e+02  nan  nan  nan  nan  1.4815610731e+02  1.0669360506e+02  
3.0958289428e+00  1.2081226818e-04  1.7605399993e-05  nan  nan  1.2508154563e+02  1.2249665820e+02  1.5902492783e+02  1.0187825797e+02  1.1577439266e+02  1.4064253562e+02  1.5443418999e+02  1.1207496606e+02  1.9966449169e+02  7.6653899389e+01  
3.1915712986e+00  1.0721462740e-04  1.5472922285e-05  1.1744306791e+02  1.4504200919e+02  1.5359372641e+02  9.4821855956e+01  1.8090051432e+02  9.0790140469e+01  1.4714276555e+02  9.3642885671e+01  1.3330934721e+02  9.2381700391e+01  nan  nan  
3.3001564973e+00  1.0850958797e-04  1.7513253443e-05  1.3845020495e+02  9.8962882324e+01  nan  nan  nan  nan  1.4752225675e+02  9.4157068158e+01  nan  nan  nan  nan  
3.3901037598e+00  1.0093588636e-04  1.7330665362e-05  nan  nan  nan  nan  1.2710320217e+02  1.1554351648e+02  1.1542972558e+02  1.2131300696e+02  1.5998014637e+02  7.7363151818e+01  1.8967617731e+02  7.3695517413e+01  
3.4975070811e+00  6.1432090963e-05  1.1536725833e-05  2.9443496068e+01  4.3037279828e+02  1.1567634089e+02  1.1480896654e+02  nan  nan  1.1866387594e+02  1.0356829695e+02  1.0843775259e+02  1.3322502949e+02  nan  nan  
3.6065048644e+00  5.9575456339e-05  1.2026934325e-05  4.9938404114e+01  1.4749201821e+02  1.0099466562e+02  1.3497066906e+02  nan  nan  nan  nan  nan  nan  nan  nan  
3.6791119359e+00  3.6770205415e-05  9.6995853729e-06  7.7685088615e+01  1.6248090505e+02  nan  nan  nan  nan  8.7745455196e+01  1.1015685362e+02  nan  nan  1.2699059179e+02  9.4251105573e+01  
3.7977428600e+00  4.1907772257e-06  2.9335440580e-06  nan  nan  9.3572695691e+01  4.2756070961e+01  nan  nan  nan  nan  nan  nan  8.2938148456e+01  4.9427810318e+01  
3.9302345733e+00  6.0742535912e-06  3.4539668011e-06  nan  nan  nan  nan  nan  nan  7.2038823487e+01  4.9605045496e+01  6.8041776163e+01  2.6790291505e+01  3.4194674838e+01  1.3276284369e+02  
3.9635897100e+00  2.0077121400e-06  1.9976483566e-06  nan  nan  nan  nan  8.0950302746e+01  4.0272267131e+01  4.9786405225e+01  2.4768423869e+01  nan  nan  7.9960275218e+01  3.9779734655e+01  
