#pT  dN/(2pi dy pT dpT)  dN/(2pi dy pT dpT)_err  vn{SP}  vn{SP}_err
1.0366844778e-01  9.9789970063e-04  2.5815161271e-04  nan  nan  5.7831743932e-01  3.7504934936e+00  nan  nan  nan  nan  nan  nan  nan  nan  
2.0571322861e-01  1.3926129076e-03  2.2235552992e-04  nan  nan  1.2331402614e-02  4.3588355027e-01  nan  nan  nan  nan  nan  nan  nan  nan  
3.0285767486e-01  1.3400522373e-03  1.8762644846e-04  nan  nan  -2.2343025158e-01  1.4877915951e+00  nan  nan  nan  nan  nan  nan  nan  nan  
4.0183878266e-01  1.2872166335e-03  1.5435170377e-04  nan  nan  -3.7469825954e-02  4.2399493983e-01  nan  nan  nan  nan  nan  nan  nan  nan  
5.0071227046e-01  1.3508926142e-03  1.3740657041e-04  nan  nan  -8.3649759203e-02  6.2859768819e-01  nan  nan  nan  nan  nan  nan  nan  nan  
5.9728244147e-01  1.2923558776e-03  1.2979751407e-04  nan  nan  -2.8504477328e-02  3.7772152469e-01  nan  nan  nan  nan  nan  nan  nan  nan  
7.0026743291e-01  1.5000306670e-03  1.4182545190e-04  nan  nan  6.4922782680e-02  4.7488149324e-01  nan  nan  nan  nan  nan  nan  nan  nan  
8.0098101959e-01  1.2716801156e-03  1.2092981699e-04  nan  nan  2.4832547698e-03  2.3696398510e-01  nan  nan  nan  nan  nan  nan  nan  nan  
9.0021144406e-01  1.2641006186e-03  9.8638787039e-05  nan  nan  5.3461243937e-01  3.4128965676e+00  nan  nan  nan  nan  nan  nan  nan  nan  
1.0017618618e+00  1.0565189309e-03  9.6020864657e-05  nan  nan  4.3626748217e-01  2.7867496823e+00  nan  nan  nan  nan  nan  nan  nan  nan  
1.1002944595e+00  1.0776245541e-03  9.2334008373e-05  nan  nan  -1.2751117277e-02  2.3630413040e-01  nan  nan  nan  nan  nan  nan  nan  nan  
1.2020488564e+00  1.1254259838e-03  8.1349800150e-05  nan  nan  2.9703533516e-01  1.9046967680e+00  nan  nan  nan  nan  nan  nan  nan  nan  
1.3002376055e+00  1.1077607888e-03  9.4297162350e-05  nan  nan  -3.4503692717e-01  2.2071181641e+00  nan  nan  nan  nan  nan  nan  nan  nan  
1.4017957901e+00  1.0047977423e-03  8.3375897803e-05  nan  nan  8.3276056619e-02  5.5833469877e-01  nan  nan  nan  nan  nan  nan  nan  nan  
1.4975827543e+00  9.8835337573e-04  7.2865915685e-05  nan  nan  2.9658584756e-01  1.9039007363e+00  nan  nan  nan  nan  nan  nan  nan  nan  
1.5964498197e+00  9.1717601084e-04  7.1792837083e-05  nan  nan  5.8446310675e-01  3.7288861324e+00  nan  nan  nan  nan  nan  nan  nan  nan  
1.6974084245e+00  7.2197889694e-04  5.9456701917e-05  nan  nan  1.2903967475e-01  8.4044357549e-01  nan  nan  nan  nan  nan  nan  nan  nan  
1.7989277379e+00  6.8123529155e-04  5.9157355116e-05  nan  nan  7.2706586407e-01  4.6354662443e+00  nan  nan  nan  nan  nan  nan  nan  nan  
1.9005888959e+00  6.8247940905e-04  5.9993886907e-05  nan  nan  2.6203842530e-01  1.6903974810e+00  nan  nan  nan  nan  nan  nan  nan  nan  
1.9958865862e+00  6.2198351594e-04  4.6945995363e-05  nan  nan  7.0605196177e-01  4.5045498145e+00  nan  nan  nan  nan  nan  nan  nan  nan  
2.1023876233e+00  5.5262458361e-04  4.7704273275e-05  nan  nan  2.4924823681e-01  1.6002033133e+00  nan  nan  nan  nan  nan  nan  nan  nan  
2.1992811448e+00  4.8123923308e-04  4.2522809177e-05  nan  nan  6.3709022344e-02  4.5189708419e-01  nan  nan  nan  nan  nan  nan  nan  nan  
2.2999723005e+00  4.2903153509e-04  3.7939535870e-05  nan  nan  3.6180376650e-01  2.3187027926e+00  nan  nan  nan  nan  nan  nan  nan  nan  
2.4018032621e+00  4.3734748824e-04  4.0274591718e-05  nan  nan  7.9473891385e-01  5.0708019800e+00  nan  nan  nan  nan  nan  nan  nan  nan  
2.4985830653e+00  3.9492809388e-04  3.9297120786e-05  nan  nan  5.4082959724e-01  3.4563880664e+00  nan  nan  nan  nan  nan  nan  nan  nan  
2.6006793686e+00  2.9374775524e-04  3.1180685809e-05  nan  nan  3.1319629938e-01  2.0178284134e+00  nan  nan  nan  nan  nan  nan  nan  nan  
2.7015591442e+00  3.1223495514e-04  2.9403059012e-05  nan  nan  4.5740679360e-01  2.9266964059e+00  nan  nan  nan  nan  nan  nan  nan  nan  
2.8038851170e+00  2.2704916419e-04  2.8943202968e-05  nan  nan  7.5180893785e-01  4.7997197795e+00  nan  nan  nan  nan  nan  nan  nan  nan  
2.8963530050e+00  2.4178052488e-04  2.8626849918e-05  nan  nan  3.1296764898e-01  2.0162356224e+00  nan  nan  nan  nan  nan  nan  nan  nan  
2.9972127677e+00  1.6461304610e-04  2.3079082332e-05  nan  nan  8.9906073247e-01  5.7376069996e+00  nan  nan  nan  nan  nan  nan  nan  nan  
3.0958289428e+00  1.2081226818e-04  1.7605399993e-05  nan  nan  9.8494954667e-01  6.2856397205e+00  nan  nan  nan  nan  nan  nan  nan  nan  
3.1915712986e+00  1.0721462740e-04  1.5472922285e-05  nan  nan  9.3441367027e-01  5.9640574409e+00  nan  nan  nan  nan  nan  nan  nan  nan  
3.3001564973e+00  1.0850958797e-04  1.7513253443e-05  nan  nan  2.3731865637e-01  1.5545229996e+00  nan  nan  nan  nan  nan  nan  nan  nan  
3.3901037598e+00  1.0093588636e-04  1.7330665362e-05  nan  nan  4.6520058570e-01  3.0011185926e+00  nan  nan  nan  nan  nan  nan  nan  nan  
3.4975070811e+00  6.1432090963e-05  1.1536725833e-05  nan  nan  7.8334219592e-02  6.1689205926e-01  nan  nan  nan  nan  nan  nan  nan  nan  
3.6065048644e+00  5.9575456339e-05  1.2026934325e-05  nan  nan  8.7067588768e-01  5.5822819075e+00  nan  nan  nan  nan  nan  nan  nan  nan  
3.6791119359e+00  3.6770205415e-05  9.6995853729e-06  nan  nan  2.5096295628e-01  1.7479247112e+00  nan  nan  nan  nan  nan  nan  nan  nan  
3.7977428600e+00  4.1907772257e-06  2.9335440580e-06  nan  nan  2.1926510878e+00  1.4117263168e+01  nan  nan  nan  nan  nan  nan  nan  nan  
3.9302345733e+00  6.0742535912e-06  3.4539668011e-06  nan  nan  4.1944549037e+00  2.6830201556e+01  nan  nan  nan  nan  nan  nan  nan  nan  
3.9635897100e+00  2.0077121400e-06  1.9976483566e-06  nan  nan  6.0254782644e+00  3.8847249495e+01  nan  nan  nan  nan  nan  nan  nan  nan  
