#pT  dN/(2pi dy pT dpT)  dN/(2pi dy pT dpT)_err  vn{SP}  vn{SP}_err
1.1048834647e-01  3.6750015489e+01  5.4919048266e-01  4.5906205893e-03  1.2312006009e-03  3.7943908601e-05  9.7022087427e-04  1.4571545515e-04  8.9405380805e-04  1.4058832937e-04  8.3597886722e-04  3.9183760673e-04  1.8256634755e-03  nan  nan  
2.0213143332e-01  3.7546458018e+01  5.6107799949e-01  1.3460570041e-02  2.0482131958e-03  8.4062631169e-03  1.1927358933e-03  9.1841003353e-04  7.8222157394e-04  -1.3290543420e-03  8.6583795277e-04  2.2678223058e-03  1.9437300986e-03  nan  nan  
3.0002505128e-01  2.8103567354e+01  4.1859586127e-01  2.1637225691e-02  3.1338104675e-03  1.6249563408e-02  2.0548799581e-03  3.6071270411e-03  7.3712443730e-04  6.2776204465e-04  7.3711838295e-04  5.9886726209e-04  1.3201268667e-03  nan  nan  
3.9930268506e-01  2.0128281577e+01  2.9954793509e-01  2.4307503021e-02  3.6816332353e-03  2.9134979247e-02  3.5058031934e-03  5.5273514538e-03  9.0815318302e-04  1.4158047356e-03  6.4450394438e-04  -1.6049634997e-03  1.8245544856e-03  nan  nan  
4.9896006076e-01  1.4402633851e+01  2.1186763533e-01  2.6436667684e-02  3.8423367286e-03  3.7566964468e-02  4.5327157978e-03  9.9489930048e-03  1.2491250169e-03  2.2872269440e-03  6.9484672146e-04  -4.5018438306e-04  1.4127249961e-03  nan  nan  
5.9881691475e-01  1.0448806278e+01  1.5774202833e-01  2.5860134892e-02  3.6451026472e-03  4.5988756874e-02  5.4012846774e-03  1.3363951108e-02  1.6322901296e-03  4.4799604313e-03  1.2370947608e-03  4.7860217383e-03  2.7684683234e-03  nan  nan  
6.9867706581e-01  7.6672284152e+00  1.1993935643e-01  2.4087115729e-02  3.3744835622e-03  5.1915236762e-02  6.0144940054e-03  1.6431111178e-02  1.9169967776e-03  2.2739972471e-03  8.1055975145e-04  2.8739395892e-03  2.2346921926e-03  nan  nan  
7.9859168863e-01  5.6551014337e+00  9.2796185513e-02  2.2332342365e-02  3.2804290742e-03  6.2566509163e-02  7.2003107850e-03  2.1481609910e-02  2.7369532229e-03  4.8232018680e-03  1.6295190946e-03  2.1143417170e-03  2.3019119895e-03  nan  nan  
8.9846954850e-01  4.2328855550e+00  7.3522791406e-02  1.7730867721e-02  2.4809351657e-03  6.8971110957e-02  8.0882416682e-03  2.4919656806e-02  3.0320427021e-03  7.7760614497e-03  1.8413938898e-03  9.4759169648e-04  2.2187183043e-03  nan  nan  
9.9858211012e-01  3.1754577896e+00  5.9180863778e-02  1.5973895764e-02  2.8585586115e-03  7.5417659222e-02  8.6151735324e-03  2.7545471225e-02  3.4501882758e-03  8.6632640365e-03  2.1458200808e-03  3.6623556322e-03  3.0674317022e-03  nan  nan  
1.0984620298e+00  2.4217888020e+00  4.8787237788e-02  6.3634859677e-03  1.9939925102e-03  8.1738711067e-02  9.5343392888e-03  3.0834180404e-02  3.7671347557e-03  1.0149746959e-02  2.9011280630e-03  2.7952002442e-03  2.8300033982e-03  nan  nan  
1.1984303369e+00  1.8394719509e+00  3.9440437806e-02  3.2022158058e-04  1.6941780404e-03  8.8443191776e-02  1.0194860470e-02  3.3522316532e-02  4.1197550247e-03  1.0868557186e-02  2.5280495346e-03  4.4824530561e-03  3.7253442931e-03  nan  nan  
1.2984597317e+00  1.4084392920e+00  3.2466773366e-02  -3.2839694212e-03  1.4209151284e-03  9.2077860220e-02  1.0816863881e-02  3.4833684479e-02  4.1685768152e-03  1.4789891735e-02  3.5429707637e-03  4.3209561205e-03  3.8235119754e-03  nan  nan  
1.3984573536e+00  1.0829922230e+00  2.6439174907e-02  -7.9752281917e-03  2.0437119863e-03  9.6167642448e-02  1.1059387523e-02  3.6508405447e-02  4.4739586488e-03  1.1064608354e-02  3.0841235287e-03  8.0037089376e-03  4.8126795944e-03  nan  nan  
1.4982613605e+00  8.3403674987e-01  2.2195858270e-02  -1.4077625261e-02  2.3471098132e-03  1.0444770036e-01  1.2305683242e-02  3.7674014334e-02  4.9568147377e-03  1.4086147628e-02  3.5862352583e-03  4.9011892286e-03  4.0745811044e-03  nan  nan  
1.5986272987e+00  6.4503144501e-01  1.8158286441e-02  -2.2836380528e-02  3.5969736513e-03  1.1003768091e-01  1.2948702748e-02  4.6645188904e-02  5.6657563301e-03  1.6715443923e-02  3.8798362565e-03  1.5096301231e-02  7.7448767221e-03  nan  nan  
1.6982709205e+00  5.0091134494e-01  1.5299605045e-02  -2.7405061587e-02  4.5663912662e-03  1.0958748003e-01  1.3156040519e-02  4.4249398469e-02  5.7014687597e-03  1.9286963942e-02  4.2960990685e-03  9.5319262783e-03  6.8011557844e-03  nan  nan  
1.7984845285e+00  3.9085108939e-01  1.2684107205e-02  -3.5195651716e-02  5.1548557060e-03  1.1613766134e-01  1.3616110538e-02  4.5290603898e-02  5.6289159526e-03  1.7418696721e-02  5.1066322552e-03  4.6482532077e-05  5.1983120516e-03  nan  nan  
1.8985052846e+00  3.0224684470e-01  1.0312819462e-02  -4.5711130671e-02  5.9663937932e-03  1.1940152295e-01  1.5111879347e-02  4.6761278217e-02  6.2260283044e-03  1.7719093179e-02  4.1017195366e-03  7.1431639646e-03  6.2044407709e-03  nan  nan  
1.9985184763e+00  2.3681495059e-01  8.5042843086e-03  -5.0844544473e-02  6.6752086344e-03  1.2891732709e-01  1.5410365343e-02  4.9512765782e-02  7.2800822999e-03  2.0441704909e-02  6.2172873595e-03  1.8545044573e-02  1.0589979034e-02  nan  nan  
2.0983619860e+00  1.8538579835e-01  7.0377967865e-03  -6.6870291497e-02  1.0172331317e-02  1.2658810526e-01  1.5406342449e-02  5.0270526491e-02  6.7560492223e-03  1.6653900573e-02  4.9229939124e-03  8.6766460117e-03  8.4912416573e-03  nan  nan  
2.1984758375e+00  1.4335323271e-01  5.8091423410e-03  -6.8152423353e-02  9.7761195251e-03  1.3095373968e-01  1.6501763071e-02  5.7843774982e-02  8.5155446910e-03  2.1011710731e-02  5.6409684924e-03  1.1566763476e-02  1.0322836410e-02  nan  nan  
2.2983336615e+00  1.1258335149e-01  4.8063298249e-03  -7.9309023906e-02  1.1822629376e-02  1.3451963659e-01  1.7014077416e-02  6.0897603164e-02  8.3276903151e-03  2.4529583447e-02  6.1782549168e-03  2.8155616830e-02  1.5621775935e-02  nan  nan  
2.3987981873e+00  8.7509409205e-02  3.8333814915e-03  -9.0404188125e-02  1.3457536030e-02  1.3895397369e-01  1.7913863871e-02  5.5390308758e-02  8.4173766847e-03  2.4869270370e-02  6.4103675106e-03  1.1978058332e-02  9.7959906867e-03  nan  nan  
2.4983925046e+00  6.8311845663e-02  3.2074617677e-03  -9.9281996191e-02  1.5362411418e-02  1.4151389177e-01  1.8150649503e-02  6.2312929906e-02  9.1629883200e-03  2.0623470168e-02  5.4204924562e-03  1.6467588272e-02  1.3700802301e-02  nan  nan  
2.5983407392e+00  5.3396892687e-02  2.5727753195e-03  -1.0014196483e-01  1.4439258710e-02  1.3439623088e-01  1.8551453064e-02  6.0776384818e-02  9.7023204142e-03  2.1476364565e-02  5.7663197051e-03  1.6987090372e-02  1.2669572510e-02  nan  nan  
2.6980373777e+00  4.1814462001e-02  2.1793273610e-03  -1.0436020308e-01  1.6046144615e-02  1.4255231459e-01  2.0383904501e-02  6.5253040021e-02  1.0759703559e-02  2.3477445620e-02  9.6450242316e-03  1.3220604741e-02  1.2483868468e-02  nan  nan  
2.7984667582e+00  3.3042744446e-02  1.7546385152e-03  -1.1153793088e-01  1.8307781290e-02  1.5174016578e-01  2.0587107162e-02  6.9028531099e-02  1.0341993276e-02  2.7898617040e-02  9.6062128868e-03  1.8927369330e-02  1.6761031832e-02  nan  nan  
2.8983296836e+00  2.5506922665e-02  1.4331226706e-03  -1.3361769298e-01  2.0301926370e-02  1.4993106854e-01  2.0201797651e-02  5.5670662520e-02  8.8910866174e-03  2.7013182634e-02  8.7004312919e-03  7.0083280106e-03  1.5831831047e-02  nan  nan  
2.9975183271e+00  1.9855088269e-02  1.1630796023e-03  -1.3454284047e-01  2.3301196193e-02  1.5179104101e-01  2.0646397400e-02  6.1668808279e-02  1.1699862156e-02  3.7441003818e-02  1.1335348125e-02  -1.9857091883e-03  1.6808971429e-02  nan  nan  
3.0975839884e+00  1.4956819288e-02  9.4206663123e-04  -1.4542171440e-01  2.4660295909e-02  1.5346264893e-01  2.3392256550e-02  6.1745078557e-02  1.1131004493e-02  1.2895544221e-02  1.0417115059e-02  -7.0437523211e-03  1.9291683186e-02  nan  nan  
3.1981709362e+00  1.1712043100e-02  7.3130976616e-04  -1.6350110503e-01  2.7727270979e-02  1.6804814563e-01  2.4233910537e-02  5.3890284450e-02  1.3783660348e-02  4.1940157422e-02  1.2350310568e-02  2.4388300147e-03  1.9535004037e-02  nan  nan  
3.2987399901e+00  8.9643283536e-03  6.0535058432e-04  -1.6562564278e-01  2.8741597987e-02  1.5388094917e-01  2.7940406146e-02  8.1653693928e-02  1.4903519794e-02  2.9643022897e-02  1.2310702667e-02  -7.2809148972e-03  2.4989495426e-02  nan  nan  
3.3981687310e+00  6.9363380506e-03  4.7709932138e-04  -1.2651749772e-01  2.2371946170e-02  1.4433735258e-01  2.1703454174e-02  8.4602597080e-02  1.7240783086e-02  2.3130861485e-02  1.4551414434e-02  5.2333455304e-02  3.5093538719e-02  nan  nan  
3.4979866153e+00  5.2574111041e-03  4.0546355405e-04  -1.6732949528e-01  3.1650295979e-02  1.7896075172e-01  3.0785674765e-02  6.9679220618e-02  1.7404208162e-02  2.3335599738e-02  1.2179273331e-02  1.1787614519e-02  2.8362171417e-02  nan  nan  
3.5969436751e+00  3.7942035250e-03  2.7263959065e-04  -1.9944995465e-01  4.9051161170e-02  1.3550147543e-01  2.8266022179e-02  3.3409562736e-02  1.8440890267e-02  -1.7919181761e-02  1.4491819454e-02  1.0039182641e-02  3.7741408970e-02  nan  nan  
3.6862541290e+00  1.9687913942e-03  1.6256155279e-04  -1.5244000710e-01  3.5707175778e-02  1.9141873205e-01  4.3604883066e-02  1.0241633848e-01  3.2230619285e-02  4.4831864184e-02  2.2073243399e-02  1.1124857281e-01  7.9347297065e-02  nan  nan  
3.7961429090e+00  7.8190936400e-04  6.5814587488e-05  -1.5643342887e-01  5.0233881072e-02  2.2145795732e-01  4.2233337925e-02  5.7608199715e-02  3.8071746046e-02  4.6001604789e-02  3.8194821472e-02  -1.1521587141e-01  8.6238306835e-02  nan  nan  
3.8982024930e+00  6.0833388087e-04  5.1803032850e-05  -1.7862273571e-01  3.8692674895e-02  2.5003221154e-01  5.9690182008e-02  1.3573206049e-01  4.6728581001e-02  1.1418058429e-01  5.4457026872e-02  1.3101132690e-01  1.1050098418e-01  nan  nan  
3.9960660154e+00  4.6001231845e-04  3.8890375145e-05  -1.6165209525e-01  5.6769700247e-02  1.1231666777e-01  4.3850995337e-02  1.5439878656e-01  6.8308494784e-02  1.9579455354e-02  5.1174163875e-02  7.7047867988e-02  8.8473094845e-02  nan  nan  
