#pT  dN/(2pi dy pT dpT)  dN/(2pi dy pT dpT)_err  vn{SP}  vn{SP}_err
1.1048834647e-01  3.6750015489e+01  5.4919048266e-01  4.6278694205e-03  1.2549815733e-03  9.6031235860e-05  9.7417556733e-04  1.4439609969e-04  8.8848340561e-04  1.7801897529e-04  8.3371059806e-04  3.8062812485e-04  1.4666262326e-03  nan  nan  
2.0213143332e-01  3.7546458018e+01  5.6107799949e-01  1.3583782831e-02  2.1148090939e-03  8.4271030733e-03  1.1933922596e-03  9.5334119317e-04  8.0185636769e-04  -1.1473402832e-03  8.7406310664e-04  2.1673883579e-03  1.5097234691e-03  nan  nan  
3.0002505128e-01  2.8103567354e+01  4.1859586127e-01  2.1913158863e-02  3.2221361995e-03  1.6302727476e-02  2.0502478941e-03  3.6294318216e-03  7.4899031078e-04  7.2598397195e-04  7.4868424223e-04  8.5223011564e-04  1.0414580133e-03  nan  nan  
3.9930268506e-01  2.0128281577e+01  2.9954793509e-01  2.4516324941e-02  3.7571144762e-03  2.9215926297e-02  3.4956610171e-03  5.5378935968e-03  9.1568930865e-04  1.5085566698e-03  6.3709642868e-04  -1.3735097819e-03  1.3718307999e-03  nan  nan  
4.9896006076e-01  1.4402633851e+01  2.1186763533e-01  2.6740800726e-02  3.9396504694e-03  3.7721526844e-02  4.5239904502e-03  1.0027510952e-02  1.2560580376e-03  2.2403463500e-03  6.8510616050e-04  1.8455655283e-04  1.1384799668e-03  nan  nan  
5.9881691475e-01  1.0448806278e+01  1.5774202833e-01  2.6195654130e-02  3.7385901706e-03  4.6141723375e-02  5.3861648526e-03  1.3390079440e-02  1.6340187028e-03  4.6473026024e-03  1.2496750770e-03  3.9736904312e-03  1.8222661442e-03  nan  nan  
6.9867706581e-01  7.6672284152e+00  1.1993935643e-01  2.4413387120e-02  3.4608624154e-03  5.2163463139e-02  6.0143291831e-03  1.6468197779e-02  1.9183614958e-03  2.2477031644e-03  7.9651955273e-04  2.2246533384e-03  1.6371296528e-03  nan  nan  
7.9859168863e-01  5.6551014337e+00  9.2796185513e-02  2.2749496915e-02  3.3727546827e-03  6.2883827629e-02  7.2101602586e-03  2.1607183277e-02  2.7542727520e-03  4.9065647210e-03  1.6290360798e-03  2.0107131021e-03  1.7385321348e-03  nan  nan  
8.9846954850e-01  4.2328855550e+00  7.3522791406e-02  1.8065805866e-02  2.5542378102e-03  6.9349661243e-02  8.1103830278e-03  2.5049534601e-02  3.0343260641e-03  7.9066254382e-03  1.8351001875e-03  1.0057171411e-03  1.7860799552e-03  nan  nan  
9.9858211012e-01  3.1754577896e+00  5.9180863778e-02  1.6386052879e-02  2.9533428888e-03  7.5785989252e-02  8.6236791976e-03  2.7724631529e-02  3.4876099410e-03  8.9805768396e-03  2.1539622280e-03  3.0552856474e-03  2.2800667416e-03  nan  nan  
1.0984620298e+00  2.4217888020e+00  4.8787237788e-02  6.5950618329e-03  2.0511782310e-03  8.2322787367e-02  9.6007320395e-03  3.1136644169e-02  3.7976628154e-03  1.0333346305e-02  2.8892844862e-03  2.8592124878e-03  2.1304089323e-03  nan  nan  
1.1984303369e+00  1.8394719509e+00  3.9440437806e-02  4.6694078279e-04  1.7240872901e-03  8.9078403828e-02  1.0260502655e-02  3.3837110522e-02  4.1884652855e-03  1.1289887724e-02  2.5542709828e-03  4.6926188553e-03  2.9460835606e-03  nan  nan  
1.2984597317e+00  1.4084392920e+00  3.2466773366e-02  -3.2038913637e-03  1.4453955883e-03  9.2720146603e-02  1.0876515493e-02  3.5094030454e-02  4.2047086136e-03  1.5090055970e-02  3.5751969445e-03  3.9489177574e-03  2.9313401981e-03  nan  nan  
1.3984573536e+00  1.0829922230e+00  2.6439174907e-02  -8.0629550607e-03  2.0664228746e-03  9.6887748692e-02  1.1147176181e-02  3.7029593193e-02  4.5586455512e-03  1.1723648041e-02  3.1331317051e-03  6.3742618477e-03  3.1460883582e-03  nan  nan  
1.4982613605e+00  8.3403674987e-01  2.2195858270e-02  -1.4021371268e-02  2.3930361655e-03  1.0534203019e-01  1.2449359555e-02  3.8066542951e-02  5.0139379802e-03  1.4409198275e-02  3.5821781728e-03  4.8676695891e-03  3.1941839522e-03  nan  nan  
1.5986272987e+00  6.4503144501e-01  1.8158286441e-02  -2.2867344141e-02  3.6638341956e-03  1.1097688249e-01  1.3104901024e-02  4.7185488092e-02  5.7120223437e-03  1.7422797536e-02  3.9361615034e-03  1.1544085285e-02  4.6466332571e-03  nan  nan  
1.6982709205e+00  5.0091134494e-01  1.5299605045e-02  -2.7452868385e-02  4.6791068998e-03  1.1071117030e-01  1.3323440151e-02  4.4792276430e-02  5.7778793118e-03  1.9641515139e-02  4.2896987334e-03  9.4728337424e-03  5.1777832131e-03  nan  nan  
1.7984845285e+00  3.9085108939e-01  1.2684107205e-02  -3.5180570513e-02  5.2303398089e-03  1.1735309574e-01  1.3854069427e-02  4.5688766215e-02  5.7192126788e-03  1.7755025442e-02  5.0705082684e-03  1.3198633052e-03  4.2436806716e-03  nan  nan  
1.8985052846e+00  3.0224684470e-01  1.0312819462e-02  -4.5940178487e-02  6.0766400506e-03  1.2071849786e-01  1.5381065190e-02  4.7347752315e-02  6.3137069421e-03  1.8463378059e-02  4.1293470735e-03  7.2182001383e-03  4.6692269321e-03  nan  nan  
1.9985184763e+00  2.3681495059e-01  8.5042843086e-03  -5.0922667227e-02  6.8207608099e-03  1.3042659363e-01  1.5705845367e-02  5.0336582316e-02  7.4907615740e-03  2.1170000055e-02  6.1177490110e-03  1.5704308352e-02  7.3212591923e-03  nan  nan  
2.0983619860e+00  1.8538579835e-01  7.0377967865e-03  -6.7061583512e-02  1.0334172904e-02  1.2803479571e-01  1.5675545435e-02  5.1131729671e-02  6.8744048967e-03  1.7644950456e-02  4.9826745186e-03  7.1911569549e-03  6.7034197630e-03  nan  nan  
2.1984758375e+00  1.4335323271e-01  5.8091423410e-03  -6.8624595345e-02  9.9857866918e-03  1.3263699791e-01  1.6884203090e-02  5.8980364240e-02  8.7302393373e-03  2.1252163137e-02  5.6193773024e-03  1.0629637086e-02  8.0347538666e-03  nan  nan  
2.2983336615e+00  1.1258335149e-01  4.8063298249e-03  -7.9733331610e-02  1.2055355835e-02  1.3632742396e-01  1.7412596532e-02  6.1904962139e-02  8.4944674032e-03  2.4618814946e-02  6.2203119848e-03  2.0875464546e-02  9.6683447997e-03  nan  nan  
2.3987981873e+00  8.7509409205e-02  3.8333814915e-03  -9.1266863991e-02  1.3817885057e-02  1.4088518439e-01  1.8359889104e-02  5.6193570457e-02  8.6051766172e-03  2.5612763130e-02  6.4056617440e-03  9.5257139832e-03  7.4055810304e-03  nan  nan  
2.4983925046e+00  6.8311845663e-02  3.2074617677e-03  -1.0030737937e-01  1.5763838592e-02  1.4347069520e-01  1.8665949817e-02  6.3119745957e-02  9.3385970315e-03  2.1464700781e-02  5.3916725082e-03  1.5663080737e-02  1.0386969168e-02  nan  nan  
2.5983407392e+00  5.3396892687e-02  2.5727753195e-03  -1.0060722257e-01  1.4757873629e-02  1.3650584687e-01  1.9167430979e-02  6.1337824322e-02  9.7541129317e-03  2.2027321147e-02  5.7622487324e-03  1.5338649936e-02  9.4179434092e-03  nan  nan  
2.6980373777e+00  4.1814462001e-02  2.1793273610e-03  -1.0486576639e-01  1.6341884206e-02  1.4504789910e-01  2.1012773535e-02  6.6548816113e-02  1.1055933256e-02  2.4860803509e-02  9.7978889266e-03  1.1151110493e-02  9.3420358041e-03  nan  nan  
2.7984667582e+00  3.3042744446e-02  1.7546385152e-03  -1.1214410255e-01  1.8700510983e-02  1.5415580085e-01  2.1171038503e-02  7.0172695924e-02  1.0620779942e-02  3.0259232288e-02  9.7855244645e-03  1.3285669440e-02  1.2353477889e-02  nan  nan  
2.8983296836e+00  2.5506922665e-02  1.4331226706e-03  -1.3449487195e-01  2.0780660388e-02  1.5260935761e-01  2.0808494217e-02  5.6875546464e-02  9.1379387673e-03  2.9132633295e-02  8.6969451109e-03  7.8898916183e-03  1.3128999189e-02  nan  nan  
2.9975183271e+00  1.9855088269e-02  1.1630796023e-03  -1.3546150273e-01  2.4037603936e-02  1.5440179955e-01  2.1331867434e-02  6.2708612040e-02  1.2025973569e-02  3.7947339914e-02  1.1111350819e-02  -3.8751163259e-04  1.4065317187e-02  nan  nan  
3.0975839884e+00  1.4956819288e-02  9.4206663123e-04  -1.4647016209e-01  2.5243205379e-02  1.5643957740e-01  2.4230299838e-02  6.2143511460e-02  1.1196990375e-02  1.3761771039e-02  1.0689824187e-02  -2.1403810667e-03  1.6556898880e-02  nan  nan  
3.1981709362e+00  1.1712043100e-02  7.3130976616e-04  -1.6470873463e-01  2.8339204257e-02  1.7133272051e-01  2.4995329616e-02  5.5308963472e-02  1.4075395375e-02  4.3758791667e-02  1.2236962968e-02  1.8520036913e-03  1.5656291424e-02  nan  nan  
3.2987399901e+00  8.9643283536e-03  6.0535058432e-04  -1.6878822674e-01  2.9589936288e-02  1.5691897309e-01  2.8878913263e-02  8.3802101080e-02  1.5432316808e-02  3.2224305592e-02  1.2628844023e-02  -3.7338205236e-03  2.0016406758e-02  nan  nan  
3.3981687310e+00  6.9363380506e-03  4.7709932138e-04  -1.2611372296e-01  2.2729138102e-02  1.4719594690e-01  2.2513809477e-02  8.5512349267e-02  1.7287072965e-02  2.4605485672e-02  1.4327521783e-02  4.7477080902e-02  2.5779690953e-02  nan  nan  
3.4979866153e+00  5.2574111041e-03  4.0546355405e-04  -1.6871355068e-01  3.2152410572e-02  1.8274576807e-01  3.1879757796e-02  7.1563868435e-02  1.7878253169e-02  2.5891994472e-02  1.1993923388e-02  1.3376995652e-02  2.2888392542e-02  nan  nan  
3.5969436751e+00  3.7942035250e-03  2.7263959065e-04  -2.0271204618e-01  5.0764210482e-02  1.3884157007e-01  2.9190888520e-02  3.3409515495e-02  1.8419942320e-02  -1.3785445487e-02  1.4298790571e-02  6.6853830439e-03  3.1162273927e-02  nan  nan  
3.6862541290e+00  1.9687913942e-03  1.6256155279e-04  -1.5246363757e-01  3.6294477515e-02  1.9591946718e-01  4.5535349963e-02  1.0509629935e-01  3.2678402635e-02  5.1552278105e-02  2.1719670628e-02  8.9303749201e-02  5.9720069363e-02  nan  nan  
3.7961429090e+00  7.8190936400e-04  6.5814587488e-05  -1.5886153969e-01  5.1436302514e-02  2.2339609264e-01  4.2672883645e-02  5.6261986819e-02  3.8417647140e-02  5.1324052279e-02  3.9031754521e-02  -1.0041655792e-01  6.2316537409e-02  nan  nan  
3.8982024930e+00  6.0833388087e-04  5.1803032850e-05  -1.7702677522e-01  3.8661331822e-02  2.5229339221e-01  6.0624327502e-02  1.3695420420e-01  4.7645761894e-02  1.1904016773e-01  5.6147825719e-02  9.0225130872e-02  7.9775709029e-02  nan  nan  
3.9960660154e+00  4.6001231845e-04  3.8890375145e-05  -1.5995146605e-01  5.7083009204e-02  1.1267978702e-01  4.4403024123e-02  1.5759896465e-01  6.8790235765e-02  2.1041484529e-02  5.1187971291e-02  6.9442591021e-02  6.8642855224e-02  nan  nan  
