#pT  dN/(2pi dy pT dpT)  dN/(2pi dy pT dpT)_err  vn{SP}  vn{SP}_err
1.1048834647e-01  3.6750015489e+01  5.4919048266e-01  3.9984106925e-03  1.2903119955e-03  1.6472576449e-04  9.9074741469e-04  1.3653910023e-04  8.8019668693e-04  1.6358830249e-04  8.4225213998e-04  1.0481519583e-03  1.4422002733e-03  nan  nan  
2.0213143332e-01  3.7546458018e+01  5.6107799949e-01  1.2583210782e-02  2.5038359855e-03  8.4534235983e-03  1.2028078704e-03  1.0243322807e-03  8.0342746062e-04  -9.2617370608e-04  9.2810966812e-04  2.3451216890e-03  1.2179728645e-03  nan  nan  
3.0002505128e-01  2.8103567354e+01  4.1859586127e-01  2.0753698890e-02  3.7489728175e-03  1.6403043407e-02  2.0595410434e-03  3.5689884898e-03  7.5950411001e-04  7.7225927161e-04  7.8852326321e-04  1.1112653460e-03  9.1338830563e-04  nan  nan  
3.9930268506e-01  2.0128281577e+01  2.9954793509e-01  2.2430121427e-02  4.0348396529e-03  2.9379466166e-02  3.5129797929e-03  5.5738577605e-03  9.1016494473e-04  1.6103159038e-03  6.5349047697e-04  -8.4662271121e-04  1.0224512822e-03  nan  nan  
4.9896006076e-01  1.4402633851e+01  2.1186763533e-01  2.5685404476e-02  4.4464293935e-03  3.7963661399e-02  4.5388339311e-03  1.0030180937e-02  1.2548053240e-03  2.2860671347e-03  6.9297007468e-04  5.6031684350e-04  9.8813219597e-04  nan  nan  
5.9881691475e-01  1.0448806278e+01  1.5774202833e-01  2.4943143273e-02  4.2520253738e-03  4.6410909530e-02  5.4076723515e-03  1.3343921458e-02  1.6469745568e-03  4.8270700465e-03  1.3580164173e-03  3.8228474291e-03  1.3599575967e-03  nan  nan  
6.9867706581e-01  7.6672284152e+00  1.1993935643e-01  2.3414010281e-02  3.9257569703e-03  5.2576244824e-02  6.0547641169e-03  1.6426244012e-02  1.9218620100e-03  2.3180980743e-03  7.9721253400e-04  8.1160223748e-04  1.2360789579e-03  nan  nan  
7.9859168863e-01  5.6551014337e+00  9.2796185513e-02  2.2764928082e-02  3.8904765328e-03  6.3343681531e-02  7.2683059006e-03  2.1607058483e-02  2.7568473481e-03  4.8552362346e-03  1.7374466850e-03  1.9189785161e-03  1.4809980815e-03  nan  nan  
8.9846954850e-01  4.2328855550e+00  7.3522791406e-02  1.9139727413e-02  3.0534371521e-03  6.9796178093e-02  8.1670172073e-03  2.4944807565e-02  3.0186399054e-03  7.9176709782e-03  1.9148299249e-03  9.0483156995e-04  1.5545534131e-03  nan  nan  
9.9858211012e-01  3.1754577896e+00  5.9180863778e-02  1.7908146560e-02  3.5460217618e-03  7.6222745659e-02  8.6667253994e-03  2.7692000719e-02  3.4729887692e-03  9.4885612385e-03  2.2952610429e-03  1.0263107446e-03  1.5684820577e-03  nan  nan  
1.0984620298e+00  2.4217888020e+00  4.8787237788e-02  8.2305501352e-03  2.4443219670e-03  8.2941112545e-02  9.6957548289e-03  3.1047532483e-02  3.7840112661e-03  1.1088499144e-02  3.1072146102e-03  3.9429806540e-03  1.8699301553e-03  nan  nan  
1.1984303369e+00  1.8394719509e+00  3.9440437806e-02  3.6374741892e-03  1.9577656622e-03  8.9668922656e-02  1.0351927983e-02  3.3689246906e-02  4.2074755900e-03  1.1760965193e-02  2.6588812599e-03  3.2371846595e-03  2.3796155781e-03  nan  nan  
1.2984597317e+00  1.4084392920e+00  3.2466773366e-02  -9.2367107890e-04  1.6187663649e-03  9.3331239959e-02  1.0961926235e-02  3.4919196113e-02  4.2069378175e-03  1.5542764668e-02  3.7876107560e-03  5.1828277647e-03  2.5046145228e-03  nan  nan  
1.3984573536e+00  1.0829922230e+00  2.6439174907e-02  -6.0557254981e-03  2.2418663599e-03  9.7491210702e-02  1.1247233937e-02  3.6882744599e-02  4.5769921959e-03  1.2585231337e-02  3.4193496045e-03  5.1440334533e-03  2.2998196022e-03  nan  nan  
1.4982613605e+00  8.3403674987e-01  2.2195858270e-02  -9.3593521430e-03  2.6091752956e-03  1.0602605106e-01  1.2576870856e-02  3.8090687711e-02  5.0304488666e-03  1.5567838664e-02  3.8916830078e-03  3.7448226411e-03  2.5507871006e-03  nan  nan  
1.5986272987e+00  6.4503144501e-01  1.8158286441e-02  -1.8483851473e-02  3.7430212972e-03  1.1169621371e-01  1.3251920379e-02  4.6940811379e-02  5.6531706256e-03  1.9129380091e-02  4.3414642343e-03  1.0453358076e-02  3.3049663814e-03  nan  nan  
1.6982709205e+00  5.0091134494e-01  1.5299605045e-02  -2.2529891214e-02  5.1330421308e-03  1.1153118765e-01  1.3477079760e-02  4.4343241413e-02  5.7595557650e-03  2.0217172053e-02  4.5553921152e-03  6.7410344439e-03  3.8965665881e-03  nan  nan  
1.7984845285e+00  3.9085108939e-01  1.2684107205e-02  -3.0511347736e-02  5.5936563205e-03  1.1800700967e-01  1.4029279240e-02  4.5140965913e-02  5.6941614664e-03  1.8359734471e-02  5.2904611697e-03  2.8289389771e-03  3.5423150532e-03  nan  nan  
1.8985052846e+00  3.0224684470e-01  1.0312819462e-02  -4.2602867944e-02  6.7757490416e-03  1.2140245451e-01  1.5561283715e-02  4.7124138454e-02  6.2873993849e-03  1.9631172119e-02  4.4223727450e-03  9.3492379917e-03  3.8836051041e-03  nan  nan  
1.9985184763e+00  2.3681495059e-01  8.5042843086e-03  -4.4728388127e-02  7.2507948004e-03  1.3123554342e-01  1.5905687635e-02  5.0642970774e-02  7.6069638771e-03  2.2413964693e-02  6.4247207963e-03  9.7059889959e-03  5.4524753098e-03  nan  nan  
2.0983619860e+00  1.8538579835e-01  7.0377967865e-03  -6.0673050665e-02  1.0831111642e-02  1.2874080015e-01  1.5860337254e-02  5.0797321095e-02  6.8021132092e-03  1.8132248730e-02  5.2351945279e-03  3.3551703416e-03  5.4946150221e-03  nan  nan  
2.1984758375e+00  1.4335323271e-01  5.8091423410e-03  -6.1181676248e-02  1.1179029804e-02  1.3330520942e-01  1.7075279945e-02  5.9021007931e-02  8.7462433743e-03  2.2861481328e-02  5.8636217241e-03  1.2261032777e-02  6.7278737114e-03  nan  nan  
2.2983336615e+00  1.1258335149e-01  4.8063298249e-03  -7.5077629027e-02  1.3872846254e-02  1.3698821307e-01  1.7639412793e-02  6.1410129099e-02  8.4662322302e-03  2.3960140450e-02  6.4977015624e-03  1.9265997931e-02  7.1254230680e-03  nan  nan  
2.3987981873e+00  8.7509409205e-02  3.8333814915e-03  -8.9658074705e-02  1.6408608384e-02  1.4151230353e-01  1.8600379457e-02  5.6064430520e-02  8.6351091565e-03  2.7920893650e-02  6.6574212188e-03  7.0626884691e-03  6.3673014256e-03  nan  nan  
2.4983925046e+00  6.8311845663e-02  3.2074617677e-03  -9.6093806208e-02  1.8853178113e-02  1.4398090002e-01  1.8945208826e-02  6.2256027642e-02  9.2500778520e-03  2.3503052119e-02  5.6806390463e-03  1.5074017724e-02  8.3381027890e-03  nan  nan  
2.5983407392e+00  5.3396892687e-02  2.5727753195e-03  -9.7074379164e-02  1.7338877897e-02  1.3741344866e-01  1.9498487816e-02  6.1388250749e-02  9.6489173209e-03  2.2304244734e-02  6.0204283030e-03  1.5974342162e-02  8.0690668711e-03  nan  nan  
2.6980373777e+00  4.1814462001e-02  2.1793273610e-03  -9.6355525354e-02  1.7819484449e-02  1.4590103931e-01  2.1325060824e-02  6.5234473476e-02  1.0991315700e-02  2.5277128132e-02  1.0270447232e-02  4.6576670559e-03  6.7629676159e-03  nan  nan  
2.7984667582e+00  3.3042744446e-02  1.7546385152e-03  -1.0267189628e-01  2.1087288338e-02  1.5476313664e-01  2.1429925391e-02  6.9215802773e-02  1.0653157843e-02  3.1093661835e-02  1.0337066486e-02  1.0010732538e-02  1.0072133423e-02  nan  nan  
2.8983296836e+00  2.5506922665e-02  1.4331226706e-03  -1.3125419697e-01  2.3951335800e-02  1.5306438818e-01  2.1002046571e-02  5.5977344922e-02  8.9760792965e-03  3.3026587840e-02  9.2348961776e-03  8.3903254013e-03  1.1645877339e-02  nan  nan  
2.9975183271e+00  1.9855088269e-02  1.1630796023e-03  -1.3031217015e-01  2.9609565045e-02  1.5524841530e-01  2.1659017969e-02  6.1580680014e-02  1.2203891828e-02  3.7272418213e-02  1.1035383309e-02  4.5934116759e-03  1.1671724936e-02  nan  nan  
3.0975839884e+00  1.4956819288e-02  9.4206663123e-04  -1.4338465991e-01  2.9018609551e-02  1.5690426887e-01  2.4552640955e-02  6.0626215756e-02  1.1033044954e-02  1.6173485628e-02  1.1153514208e-02  9.4071842149e-04  1.5006646931e-02  nan  nan  
3.1981709362e+00  1.1712043100e-02  7.3130976616e-04  -1.6607471512e-01  3.2844748649e-02  1.7188415782e-01  2.5164916232e-02  5.5724213092e-02  1.3856701174e-02  4.5920627962e-02  1.2177225921e-02  2.6610657437e-03  1.4098018818e-02  nan  nan  
3.2987399901e+00  8.9643283536e-03  6.0535058432e-04  -1.7739422547e-01  3.5591438430e-02  1.5735140674e-01  2.9023190598e-02  8.1448519934e-02  1.5187965189e-02  3.4472176402e-02  1.3094446982e-02  -1.1555829567e-02  1.6995260508e-02  nan  nan  
3.3981687310e+00  6.9363380506e-03  4.7709932138e-04  -1.1674921754e-01  2.6199706249e-02  1.4766583817e-01  2.2844977746e-02  8.3566383961e-02  1.6943619426e-02  2.3112137254e-02  1.4422250679e-02  3.8881227252e-02  1.9377529812e-02  nan  nan  
3.4979866153e+00  5.2574111041e-03  4.0546355405e-04  -1.7220842418e-01  3.5752368943e-02  1.8267307747e-01  3.2137456749e-02  7.1128875355e-02  1.7884004854e-02  2.6472152946e-02  1.2352319545e-02  1.2915105572e-02  1.8730476848e-02  nan  nan  
3.5969436751e+00  3.7942035250e-03  2.7263959065e-04  -2.1321127688e-01  6.4471440383e-02  1.4036829063e-01  2.9328301102e-02  3.2278166521e-02  1.7927873483e-02  -9.9064464191e-03  1.4888354427e-02  1.4669159289e-02  2.6863045308e-02  nan  nan  
3.6862541290e+00  1.9687913942e-03  1.6256155279e-04  -1.4738813334e-01  3.9530531690e-02  1.9569988552e-01  4.6088948548e-02  1.0108300021e-01  3.2120957274e-02  5.7420724217e-02  2.1925913661e-02  5.2133916907e-02  4.9605781828e-02  nan  nan  
3.7961429090e+00  7.8190936400e-04  6.5814587488e-05  -1.4027750898e-01  5.5386237480e-02  2.2352236683e-01  4.2824743081e-02  5.8693647704e-02  3.7046188542e-02  4.7007507956e-02  3.9594431822e-02  -9.2005776760e-02  4.8907528045e-02  nan  nan  
3.8982024930e+00  6.0833388087e-04  5.1803032850e-05  -1.5477735615e-01  4.3550374562e-02  2.5114882346e-01  6.0482683192e-02  1.3375812121e-01  4.7391957340e-02  1.1936907563e-01  5.8349406637e-02  4.1838327899e-02  6.3197393099e-02  nan  nan  
3.9960660154e+00  4.6001231845e-04  3.8890375145e-05  -1.5271494860e-01  6.1554013789e-02  1.1417695294e-01  4.4576653297e-02  1.5833682858e-01  6.7351087196e-02  1.9969783942e-02  5.1310694850e-02  7.3091125540e-02  5.5070762791e-02  nan  nan  
