#pT  dN/(2pi dy pT dpT)  dN/(2pi dy pT dpT)_err  vn{SP}  vn{SP}_err
1.1048834647e-01  3.6750015489e+01  5.4919048266e-01  4.5198997889e-03  1.2120897658e-03  3.6421518715e-05  9.3129356161e-04  1.3959166587e-04  8.5648051765e-04  1.3503717305e-04  8.0297171230e-04  3.7792792343e-04  1.7604372153e-03  nan  nan  
2.0213143332e-01  3.7546458018e+01  5.6107799949e-01  1.3253203244e-02  2.0159173321e-03  8.0689860566e-03  1.1449363393e-03  8.7981323875e-04  7.4934445537e-04  -1.2765763843e-03  8.3179047539e-04  2.1873178072e-03  1.8615413389e-03  nan  nan  
3.0002505128e-01  2.8103567354e+01  4.1859586127e-01  2.1303893435e-02  3.0842792403e-03  1.5597596547e-02  1.9725542711e-03  3.4555351191e-03  7.0608515214e-04  6.0297474362e-04  7.0804989474e-04  5.7760831754e-04  1.2719140850e-03  nan  nan  
3.9930268506e-01  2.0128281577e+01  2.9954793509e-01  2.3933033810e-02  3.6235694764e-03  2.7966022243e-02  3.3653699021e-03  5.2950608190e-03  8.6987091434e-04  1.3599014225e-03  6.1926944976e-04  -1.5479895554e-03  1.7527588005e-03  nan  nan  
4.9896006076e-01  1.4402633851e+01  2.1186763533e-01  2.6029397630e-02  3.7816176419e-03  3.6059698378e-02  4.3511454883e-03  9.5308799320e-03  1.1963552204e-03  2.1969153630e-03  6.6792816622e-04  -4.3420347135e-04  1.3618624954e-03  nan  nan  
5.9881691475e-01  1.0448806278e+01  1.5774202833e-01  2.5461746613e-02  3.5874088543e-03  4.4143590655e-02  5.1849407321e-03  1.2802322141e-02  1.5633130468e-03  4.3030683609e-03  1.1893630937e-03  4.6161247056e-03  2.6287732122e-03  nan  nan  
6.9867706581e-01  7.6672284152e+00  1.1993935643e-01  2.3716041695e-02  3.3210555198e-03  4.9832287633e-02  5.7735998085e-03  1.5740582761e-02  1.8359458600e-03  2.1842080431e-03  7.7899328360e-04  2.7719187805e-03  2.1369263078e-03  nan  nan  
7.9859168863e-01  5.6551014337e+00  9.2796185513e-02  2.1988301489e-02  3.2286169739e-03  6.0056208451e-02  6.9119286710e-03  2.0578830912e-02  2.6213469145e-03  4.6327568456e-03  1.5661587650e-03  2.0392855632e-03  2.2105299441e-03  nan  nan  
8.9846954850e-01  4.2328855550e+00  7.3522791406e-02  1.7457714858e-02  2.4416520069e-03  6.6203844073e-02  7.7642755746e-03  2.3872391593e-02  2.9039096421e-03  7.4690222179e-03  1.7709430811e-03  9.1395352554e-04  2.1379457694e-03  nan  nan  
9.9858211012e-01  3.1754577896e+00  5.9180863778e-02  1.5727809931e-02  2.8137722768e-03  7.2391743183e-02  8.2701333694e-03  2.6387854408e-02  3.3044300430e-03  8.3211934456e-03  2.0634960452e-03  3.5323471641e-03  2.9367424668e-03  nan  nan  
1.0984620298e+00  2.4217888020e+00  4.8787237788e-02  6.2654532917e-03  1.9631037169e-03  7.8459181055e-02  9.1524582537e-03  2.9538353388e-02  3.6079441825e-03  9.7489823134e-03  2.7890175719e-03  2.6959745714e-03  2.7157943749e-03  nan  nan  
1.1984303369e+00  1.8394719509e+00  3.9440437806e-02  3.1528840738e-04  1.6680778748e-03  8.4894663814e-02  9.7865402738e-03  3.2113518800e-02  3.9456747187e-03  1.0439410185e-02  2.4314404813e-03  4.3233322843e-03  3.5662095426e-03  nan  nan  
1.2984597317e+00  1.4084392920e+00  3.2466773366e-02  -3.2333782340e-03  1.3989615599e-03  8.8383501671e-02  1.0383603094e-02  3.3369775634e-02  3.9923813133e-03  1.4205910110e-02  3.4073193841e-03  4.1675682624e-03  3.6634475053e-03  nan  nan  
1.3984573536e+00  1.0829922230e+00  2.6439174907e-02  -7.8523658227e-03  2.0119665263e-03  9.2309193183e-02  1.0616445312e-02  3.4974115335e-02  4.2849055951e-03  1.0627720237e-02  2.9650751318e-03  7.7195885402e-03  4.5752439386e-03  nan  nan  
1.4982613605e+00  8.3403674987e-01  2.2195858270e-02  -1.3860752421e-02  2.3102430898e-03  1.0025703765e-01  1.1812784155e-02  3.6090738731e-02  4.7475094505e-03  1.3529953471e-02  3.4484351807e-03  4.7272039122e-03  3.9005458598e-03  nan  nan  
1.5986272987e+00  6.4503144501e-01  1.8158286441e-02  -2.2484574693e-02  3.5403441994e-03  1.0562273636e-01  1.2430049882e-02  4.4684893700e-02  5.4263189175e-03  1.6055431513e-02  3.7315897370e-03  1.4560403794e-02  7.3223258907e-03  nan  nan  
1.6982709205e+00  5.0091134494e-01  1.5299605045e-02  -2.6982872941e-02  4.4946639940e-03  1.0519059849e-01  1.2629047967e-02  4.2389787958e-02  5.4606711592e-03  1.8525414585e-02  4.1324175359e-03  9.1935563170e-03  6.4930292099e-03  nan  nan  
1.7984845285e+00  3.9085108939e-01  1.2684107205e-02  -3.4653445143e-02  5.0734265899e-03  1.1147797267e-01  1.3070731873e-02  4.3387236034e-02  5.3910947185e-03  1.6730916243e-02  4.9090805012e-03  4.4832467639e-05  5.0137772289e-03  nan  nan  
1.8985052846e+00  3.0224684470e-01  1.0312819462e-02  -4.5006927899e-02  5.8715403177e-03  1.1461088125e-01  1.4506443058e-02  4.4796104283e-02  5.9631587849e-03  1.7019451491e-02  3.9450232479e-03  6.8895917020e-03  5.9432025592e-03  nan  nan  
1.9985184763e+00  2.3681495059e-01  8.5042843086e-03  -5.0061258900e-02  6.5691245459e-03  1.2374489119e-01  1.4793079757e-02  4.7431958746e-02  6.9729655772e-03  1.9634560391e-02  5.9764171839e-03  1.7886721603e-02  1.0051444872e-02  nan  nan  
2.0983619860e+00  1.8538579835e-01  7.0377967865e-03  -6.5840121296e-02  1.0011933681e-02  1.2150912267e-01  1.4789182328e-02  4.8157874055e-02  6.4708260803e-03  1.5996318213e-02  4.7324816513e-03  8.3686372957e-03  8.1456567843e-03  nan  nan  
2.1984758375e+00  1.4335323271e-01  5.8091423410e-03  -6.7102501271e-02  9.6215276200e-03  1.2569959860e-01  1.5840651505e-02  5.5412851723e-02  8.1563122608e-03  2.0182059427e-02  5.4236138240e-03  1.1156159660e-02  9.8918043776e-03  nan  nan  
2.2983336615e+00  1.1258335149e-01  4.8063298249e-03  -7.8087228826e-02  1.1636032578e-02  1.2912242419e-01  1.6332433537e-02  5.8338340737e-02  7.9761710445e-03  2.3561028284e-02  5.9409995937e-03  2.7156132078e-02  1.4813021831e-02  nan  nan  
2.3987981873e+00  8.7509409205e-02  3.8333814915e-03  -8.9011466506e-02  1.3245121068e-02  1.3337884630e-01  1.7196132035e-02  5.3062494055e-02  8.0623682869e-03  2.3887302606e-02  6.1638848846e-03  1.1552854127e-02  9.3752156528e-03  nan  nan  
2.4983925046e+00  6.8311845663e-02  3.2074617677e-03  -9.7752507510e-02  1.5120363108e-02  1.3583605505e-01  1.7423441224e-02  5.9694187427e-02  8.7764398079e-03  1.9809148615e-02  5.2118570467e-03  1.5883012076e-02  1.3115760500e-02  nan  nan  
2.5983407392e+00  5.3396892687e-02  2.5727753195e-03  -9.8599227899e-02  1.4210988097e-02  1.2900396977e-01  1.7808042135e-02  5.8222216672e-02  9.2932552413e-03  2.0628366318e-02  5.5441339169e-03  1.6384072583e-02  1.2106161885e-02  nan  nan  
2.6980373777e+00  4.1814462001e-02  2.1793273610e-03  -1.0275248209e-01  1.5793251738e-02  1.3683281415e-01  1.9566993572e-02  6.2510737452e-02  1.0306149127e-02  2.2550434316e-02  9.2681181512e-03  1.2751291888e-02  1.1970963393e-02  nan  nan  
2.7984667582e+00  3.3042744446e-02  1.7546385152e-03  -1.0981963341e-01  1.8020040203e-02  1.4565202931e-01  1.9762157195e-02  6.6127560997e-02  9.9057682154e-03  2.6797034960e-02  9.2324805197e-03  1.8255474370e-02  1.6059522798e-02  nan  nan  
2.8983296836e+00  2.5506922665e-02  1.4331226706e-03  -1.3155924576e-01  1.9981787520e-02  1.4391551688e-01  1.9392301790e-02  5.3331065763e-02  8.5162253886e-03  2.5946562096e-02  8.3626593664e-03  6.7595422345e-03  1.5254405659e-02  nan  nan  
2.9975183271e+00  1.9855088269e-02  1.1630796023e-03  -1.3247014089e-01  2.2935712671e-02  1.4570086332e-01  1.9819066274e-02  5.9077135442e-02  1.1207041772e-02  3.5962638822e-02  1.0896271795e-02  -1.9152193082e-03  1.6211111392e-02  nan  nan  
3.0975839884e+00  1.4956819288e-02  9.4206663123e-04  -1.4318142034e-01  2.4273197827e-02  1.4730540280e-01  2.2454653413e-02  5.9150200410e-02  1.0662030258e-02  1.2386361260e-02  1.0006891173e-02  -6.7937090318e-03  1.8594076823e-02  nan  nan  
3.1981709362e+00  1.1712043100e-02  7.3130976616e-04  -1.6098228894e-01  2.7292030564e-02  1.6130569851e-01  2.3262687063e-02  5.1625509270e-02  1.3203663055e-02  4.0284142510e-02  1.1872447403e-02  2.3522549832e-03  1.8840026492e-02  nan  nan  
3.2987399901e+00  8.9643283536e-03  6.0535058432e-04  -1.6307409712e-01  2.8290812756e-02  1.4770691994e-01  2.6820172330e-02  7.8222142930e-02  1.4275639892e-02  2.8472562627e-02  1.1829520260e-02  -7.0224526704e-03  2.4091864235e-02  nan  nan  
3.3981687310e+00  6.9363380506e-03  4.7709932138e-04  -1.2456843255e-01  2.2021293155e-02  1.3854623264e-01  2.0833565426e-02  8.1047116458e-02  1.6514789717e-02  2.2217535120e-02  1.3979377668e-02  5.0475691330e-02  3.3457877433e-02  nan  nan  
3.4979866153e+00  5.2574111041e-03  4.0546355405e-04  -1.6475170093e-01  3.1155286420e-02  1.7178046776e-01  2.9551463492e-02  6.6750904854e-02  1.6671818467e-02  2.2414189244e-02  1.1701447069e-02  1.1369170801e-02  2.7331009387e-02  nan  nan  
3.5969436751e+00  3.7942035250e-03  2.7263959065e-04  -1.9637732860e-01  4.8288700721e-02  1.3006486957e-01  2.7132538435e-02  3.2005503558e-02  1.7665689901e-02  -1.7211639538e-02  1.3921131041e-02  9.6828057932e-03  3.6388375492e-02  nan  nan  
3.6862541290e+00  1.9687913942e-03  1.6256155279e-04  -1.5009159274e-01  3.5151629869e-02  1.8373860756e-01  4.1856150555e-02  9.8112223479e-02  3.0874978815e-02  4.3061669693e-02  2.1207938713e-02  1.0729940513e-01  7.5751873094e-02  nan  nan  
3.7961429090e+00  7.8190936400e-04  6.5814587488e-05  -1.5402349386e-01  4.9455916856e-02  2.1257259556e-01  4.0539935548e-02  5.5187176663e-02  3.6471453589e-02  4.4185222873e-02  3.6690502059e-02  -1.1112587020e-01  8.2408835470e-02  nan  nan  
3.8982024930e+00  6.0833388087e-04  5.1803032850e-05  -1.7587096336e-01  3.8089677816e-02  2.4000039025e-01  5.7296267347e-02  1.3002783003e-01  4.4763415652e-02  1.0967214270e-01  5.2323243424e-02  1.2636060927e-01  1.0580401057e-01  nan  nan  
3.9960660154e+00  4.6001231845e-04  3.8890375145e-05  -1.5916176408e-01  5.5891273672e-02  1.0781028544e-01  4.2091870290e-02  1.4791007448e-01  6.5436575952e-02  1.8806356920e-02  4.9154057705e-02  7.4312777163e-02  8.4998489027e-02  nan  nan  
