#pT  dN/(2pi dy pT dpT)  dN/(2pi dy pT dpT)_err  vn[2]  vn[2]_err
1.1048834647e-01  3.6750015489e+01  5.4919048266e-01  5.7671266240e-03  1.7626273100e-03  nan  nan  4.4707290627e-03  2.8997381952e-03  nan  nan  nan  nan  nan  nan  
2.0213143332e-01  3.7546458018e+01  5.6107799949e-01  1.4049499200e-02  9.8931487320e-04  8.7971994685e-03  1.0882231730e-03  1.5152763960e-03  4.2807076338e-03  3.3303832736e-03  1.9766633894e-03  nan  nan  nan  nan  
3.0002505128e-01  2.8103567354e+01  4.1859586127e-01  2.0586355624e-02  1.2638933620e-03  1.6387901610e-02  1.1842912687e-03  nan  nan  nan  nan  nan  nan  2.3163807746e-03  2.1649853194e-03  
3.9930268506e-01  2.0128281577e+01  2.9954793509e-01  2.3871787618e-02  1.5137535758e-03  3.0009754064e-02  1.6890606923e-03  6.7081528024e-03  1.0221153431e-03  3.7176833260e-03  1.2931976461e-03  nan  nan  1.2921773575e-03  5.1849107151e-03  
4.9896006076e-01  1.4402633851e+01  2.1186763533e-01  2.5089537944e-02  1.4805724866e-03  3.8788516470e-02  2.0310220523e-03  1.0225277841e-02  1.0692454493e-03  3.5726117675e-03  1.6272971622e-03  nan  nan  nan  nan  
5.9881691475e-01  1.0448806278e+01  1.5774202833e-01  2.5146194713e-02  1.4413632697e-03  4.7635097323e-02  2.5256681897e-03  1.3727088606e-02  1.1832626135e-03  6.4956138627e-03  1.2606795053e-03  nan  nan  4.3477821581e-03  1.3605946031e-03  
6.9867706581e-01  7.6672284152e+00  1.1993935643e-01  2.2580615804e-02  1.2486167343e-03  5.4133798039e-02  2.8036866388e-03  1.6866232282e-02  1.1247328040e-03  nan  nan  nan  nan  2.9513031640e-03  3.1062652742e-03  
7.9859168863e-01  5.6551014337e+00  9.2796185513e-02  2.0584330022e-02  1.4354566829e-03  6.5766403325e-02  3.3726289302e-03  2.0929539423e-02  1.4928109318e-03  6.5106113188e-03  1.8433005306e-03  4.5576143971e-03  2.2647336581e-03  4.3518365157e-03  1.9891421840e-03  
8.9846954850e-01  4.2328855550e+00  7.3522791406e-02  1.8540747745e-02  1.2860836723e-03  7.2443918302e-02  3.8320688052e-03  2.4873796802e-02  1.6608619972e-03  8.4888477478e-03  1.7831139353e-03  nan  nan  nan  nan  
9.9858211012e-01  3.1754577896e+00  5.9180863778e-02  1.5297763515e-02  1.4850137306e-03  8.0449901623e-02  4.2656262593e-03  2.7704799744e-02  1.8646487166e-03  8.0473574065e-03  2.1587198198e-03  5.7857866827e-03  2.9583978101e-03  1.3219222502e-03  9.3965651408e-03  
1.0984620298e+00  2.4217888020e+00  4.8787237788e-02  8.3187770225e-03  2.5546479506e-03  8.5652762189e-02  4.3547641689e-03  3.0331096216e-02  2.0053353520e-03  1.2480703429e-02  2.6516117788e-03  nan  nan  5.4593716575e-03  3.4481814625e-03  
1.1984303369e+00  1.8394719509e+00  3.9440437806e-02  8.4472629843e-03  2.8490422362e-03  9.2787327330e-02  4.7155618014e-03  3.3111493015e-02  2.0117995600e-03  1.5928134094e-02  1.8227369409e-03  nan  nan  nan  nan  
1.2984597317e+00  1.4084392920e+00  3.2466773366e-02  1.0964140617e-02  2.3996359144e-03  9.7638761819e-02  5.2984132817e-03  3.5941000987e-02  2.5754318636e-03  1.3251651476e-02  2.9686393829e-03  7.1149234297e-03  3.5148162815e-03  6.7010357182e-03  3.2355876456e-03  
1.3984573536e+00  1.0829922230e+00  2.6439174907e-02  1.3680574265e-02  3.3079472388e-03  1.0173833572e-01  5.1345856623e-03  3.7753310109e-02  2.2316300190e-03  1.6254936004e-02  3.2854689467e-03  8.8513449681e-03  3.6411890553e-03  nan  nan  
1.4982613605e+00  8.3403674987e-01  2.2195858270e-02  2.0632195014e-02  3.0918793694e-03  1.0991012490e-01  5.6632245860e-03  3.7518432819e-02  2.7268060411e-03  1.5851153042e-02  3.2104702667e-03  nan  nan  nan  nan  
1.5986272987e+00  6.4503144501e-01  1.8158286441e-02  2.9219603775e-02  3.1216972728e-03  1.1722776876e-01  5.8560245914e-03  4.8360472804e-02  2.9384534528e-03  1.4167101387e-02  3.8892306910e-03  nan  nan  nan  nan  
1.6982709205e+00  5.0091134494e-01  1.5299605045e-02  3.2039720370e-02  3.6036700160e-03  1.1633162791e-01  6.2086564599e-03  4.4849790896e-02  3.3651619006e-03  2.4578997897e-02  3.4533412216e-03  1.6232066997e-02  4.0888231992e-03  nan  nan  
1.7984845285e+00  3.9085108939e-01  1.2684107205e-02  4.0427097212e-02  3.3120503564e-03  1.2198925114e-01  6.0507085081e-03  4.7112982490e-02  3.6724889611e-03  1.6775832518e-02  6.0318310862e-03  9.7645931549e-03  6.4532629120e-03  8.7401434042e-03  6.8464567712e-03  
1.8985052846e+00  3.0224684470e-01  1.0312819462e-02  4.9784906011e-02  3.8355719450e-03  1.2827995492e-01  7.3839419538e-03  4.9529211306e-02  4.3662776597e-03  1.9794116337e-02  4.8736553735e-03  nan  nan  nan  nan  
1.9985184763e+00  2.3681495059e-01  8.5042843086e-03  5.7403035519e-02  3.9153116506e-03  1.3549452863e-01  6.9782889758e-03  5.1846353568e-02  4.8442584971e-03  2.7213451222e-02  6.2342445820e-03  nan  nan  nan  nan  
2.0983619860e+00  1.8538579835e-01  7.0377967865e-03  6.6439796881e-02  4.5104876812e-03  1.3574696706e-01  7.5646236019e-03  5.3154994294e-02  4.5846364518e-03  1.6243041797e-02  7.6216065391e-03  nan  nan  1.4692991791e-02  9.4930167929e-03  
2.1984758375e+00  1.4335323271e-01  5.8091423410e-03  7.4368418686e-02  6.1929173118e-03  1.3758599440e-01  7.4441975343e-03  6.0399316913e-02  5.0600297730e-03  3.1420718068e-02  6.2258393599e-03  2.8313395527e-02  6.2157865130e-03  1.0787385701e-02  1.5645081880e-02  
2.2983336615e+00  1.1258335149e-01  4.8063298249e-03  8.1154872265e-02  5.3775152317e-03  1.4300448535e-01  8.2125922549e-03  6.1366737969e-02  6.6613010658e-03  2.1643813784e-02  1.0127047260e-02  2.1211896920e-02  1.0428033536e-02  3.1939461409e-02  8.4575525570e-03  
2.3987981873e+00  8.7509409205e-02  3.8333814915e-03  9.0610468061e-02  6.6470628309e-03  1.4509949829e-01  8.2396941388e-03  6.3557643009e-02  6.0393255294e-03  2.7590839944e-02  1.0817726260e-02  1.0261259552e-03  2.2845627337e-01  nan  nan  
2.4983925046e+00  6.8311845663e-02  3.2074617677e-03  1.0954755167e-01  7.6545919804e-03  1.5063546757e-01  8.7235816892e-03  6.7863391464e-02  1.0555776234e-02  1.4429189145e-02  2.3692613183e-02  3.1202259785e-02  9.2063288316e-03  2.7347146456e-02  1.4464024944e-02  
2.5983407392e+00  5.3396892687e-02  2.5727753195e-03  1.0218540433e-01  9.0139823167e-03  1.4780968260e-01  9.1671476550e-03  6.7568047880e-02  9.9986826788e-03  2.1697451771e-02  1.9938360926e-02  nan  nan  nan  nan  
2.6980373777e+00  4.1814462001e-02  2.1793273610e-03  1.2267753650e-01  1.3540548743e-02  1.5325889719e-01  9.7714947735e-03  8.6371142570e-02  9.0914762863e-03  5.1394921949e-02  1.5762098179e-02  4.3171028006e-02  1.7375417121e-02  nan  nan  
2.7984667582e+00  3.3042744446e-02  1.7546385152e-03  1.1591721234e-01  1.1208128419e-02  1.5727630867e-01  1.1717485470e-02  6.8300776223e-02  1.2200106776e-02  5.6316720673e-02  1.6662100356e-02  4.1383363781e-02  1.8022562070e-02  2.6924312141e-02  2.4946038776e-02  
2.8983296836e+00  2.5506922665e-02  1.4331226706e-03  1.3456550269e-01  1.3221875521e-02  1.5822954371e-01  1.1368944646e-02  5.9749092448e-02  1.2619644192e-02  3.9078472594e-02  2.5574824033e-02  3.9393663785e-02  3.2992714902e-02  7.4238545921e-02  2.6800837913e-02  
2.9975183271e+00  1.9855088269e-02  1.1630796023e-03  1.4409904836e-01  1.4007032921e-02  1.6541311909e-01  1.3354285065e-02  7.2466300338e-02  1.9227910558e-02  8.5250617886e-02  1.8526576121e-02  5.1903893650e-02  2.6752523286e-02  2.9358095160e-02  4.4721738852e-02  
3.0975839884e+00  1.4956819288e-02  9.4206663123e-04  1.8647003215e-01  2.6258725289e-02  1.7038865084e-01  1.8396186341e-02  4.9675922044e-02  4.7729631625e-02  5.4038199335e-02  5.2972569622e-02  nan  nan  nan  nan  
3.1981709362e+00  1.1712043100e-02  7.3130976616e-04  1.7632359195e-01  2.1257162784e-02  1.6618841863e-01  1.7686793959e-02  6.9401380984e-02  3.3964275055e-02  1.2930285661e-02  1.2808252653e-01  nan  nan  4.8014171927e-02  3.7521123225e-02  
3.2987399901e+00  8.9643283536e-03  6.0535058432e-04  1.4579157051e-01  2.0852318351e-02  1.6949362453e-01  2.2621858542e-02  2.3152020133e-02  9.6818274432e-02  8.5560816870e-02  4.2556533913e-02  nan  nan  5.1583812840e-02  5.7628040505e-02  
3.3981687310e+00  6.9363380506e-03  4.7709932138e-04  1.2782595024e-01  3.7699333587e-02  1.2634727413e-01  3.7906324294e-02  1.0076417990e-01  3.5068129838e-02  9.1422365540e-02  5.3261197768e-02  7.8314421746e-02  5.2733175608e-02  nan  nan  
3.4979866153e+00  5.2574111041e-03  4.0546355405e-04  nan  nan  2.0053317495e-01  4.0384208878e-02  9.3597545863e-02  5.5669864908e-02  nan  nan  5.6764541237e-02  1.1660110275e-01  nan  nan  
3.5969436751e+00  3.7942035250e-03  2.7263959065e-04  nan  nan  nan  nan  nan  nan  7.5268729232e+01  3.7445645187e+01  6.1106276498e+01  3.0399810594e+01  5.7481326145e+01  2.8596528055e+01  
3.6862541290e+00  1.9687913942e-03  1.6256155279e-04  1.2334063374e+02  3.3445433080e+01  nan  nan  nan  nan  nan  nan  nan  nan  nan  nan  
3.7961429090e+00  7.8190936400e-04  6.5814587488e-05  7.4980844761e+01  1.4028040270e+02  5.7622202660e+01  2.0855628785e+02  nan  nan  1.9017426278e+02  7.0032421195e+01  nan  nan  nan  nan  
3.8982024930e+00  6.0833388087e-04  5.1803032850e-05  9.0233344768e+01  1.1319593375e+02  6.5600775432e+01  2.0617115010e+02  1.7072116689e+02  6.2958813716e+01  1.7515044326e+02  7.7643946940e+01  1.3634638257e+02  9.5223974923e+01  nan  nan  
3.9960660154e+00  4.6001231845e-04  3.8890375145e-05  nan  nan  nan  nan  8.4211876480e+01  1.4515960256e+02  nan  nan  nan  nan  8.3149063719e+01  1.6598380794e+02  
