#pT  dN/(2pi dy pT dpT)  dN/(2pi dy pT dpT)_err  vn{SP}  vn{SP}_err
1.0815985418e-01  1.6382710319e+00  2.9271716412e-02  3.7799456513e-03  3.0189424616e-03  1.2578166266e-03  4.5764266388e-03  -2.2034514185e-03  5.7350300417e-03  -2.2487143775e-03  6.5591349734e-03  nan  nan  nan  nan  
2.0344285854e-01  1.6338890376e+00  2.6610273039e-02  6.4744730907e-03  3.0816935900e-03  4.4330572359e-03  4.2553020864e-03  1.4100985770e-03  3.1239430874e-03  -5.4116506737e-04  4.4105090740e-03  nan  nan  nan  nan  
3.0185218004e-01  1.4919119329e+00  2.4687625456e-02  1.1098853983e-02  2.7118686037e-03  3.1126218745e-03  3.6598936198e-03  7.4920471959e-03  3.7082418383e-03  1.4222785401e-04  4.5312461876e-03  nan  nan  nan  nan  
4.0101795666e-01  1.3309480296e+00  2.2138078431e-02  1.5244559228e-02  3.0795503064e-03  1.9236357973e-02  3.4145496910e-03  1.0666010080e-03  2.7036056419e-03  -1.0092046580e-03  3.0942470769e-03  nan  nan  nan  nan  
5.0016222779e-01  1.1233012681e+00  1.7304736962e-02  1.8103090860e-02  4.0856671961e-03  2.6868582060e-02  4.4931186229e-03  7.3578656932e-03  2.7207635016e-03  4.0047251291e-04  2.8801790405e-03  nan  nan  nan  nan  
5.9975355032e-01  9.3552566040e-01  1.4141356122e-02  1.9344197582e-02  3.9702030583e-03  4.1923436175e-02  5.9886592929e-03  1.1952512810e-02  3.1420383001e-03  6.7414232075e-03  3.7534094369e-03  nan  nan  nan  nan  
6.9929470521e-01  7.6280243979e-01  1.2044868321e-02  2.1255537490e-02  4.2752252686e-03  4.5784333142e-02  5.8771061087e-03  8.3368802645e-03  3.1658781472e-03  5.4444061442e-03  4.4612766145e-03  nan  nan  nan  nan  
7.9896418439e-01  6.1015449776e-01  1.0025581176e-02  1.8794383407e-02  4.2255905806e-03  5.3199002933e-02  6.5782554406e-03  1.9007287352e-02  4.1674708869e-03  2.5536685747e-03  3.6067268693e-03  nan  nan  nan  nan  
8.9875892410e-01  4.8905902611e-01  8.1890928511e-03  1.4683493097e-02  2.9959193817e-03  6.0448788779e-02  7.6750493580e-03  2.5346734683e-02  4.4593005352e-03  7.5752472901e-03  5.2578471225e-03  nan  nan  nan  nan  
9.9901066978e-01  3.7953826736e-01  6.2667923667e-03  1.4011740161e-02  3.2878710700e-03  7.6214754456e-02  9.3119914764e-03  2.3151840961e-02  4.7453727495e-03  1.2042426798e-02  5.6526966705e-03  nan  nan  nan  nan  
1.0986790748e+00  3.0051986500e-01  5.7859763023e-03  1.1436458287e-02  2.9018323779e-03  8.1757537517e-02  1.0048587914e-02  2.8036333398e-02  4.4882868405e-03  1.1716565059e-02  6.5282468074e-03  nan  nan  nan  nan  
1.1986191386e+00  2.3254096558e-01  4.8995682297e-03  7.8929246293e-03  2.7310884282e-03  9.3384567320e-02  1.0938767389e-02  3.2161929307e-02  5.4750007436e-03  1.5684486115e-02  7.6070425363e-03  nan  nan  nan  nan  
1.2988439254e+00  1.8066685581e-01  4.1516628535e-03  4.8932966210e-03  3.2555434873e-03  9.4208226018e-02  1.1639006805e-02  3.4601163979e-02  4.9415500758e-03  2.8588213447e-02  1.1485600213e-02  nan  nan  nan  nan  
1.3988492655e+00  1.3859577202e-01  3.4923709256e-03  -2.5473863736e-04  2.6867396657e-03  9.9745565827e-02  1.2440703625e-02  4.0364893602e-02  6.0812268302e-03  1.6758634320e-02  8.6035958454e-03  nan  nan  nan  nan  
1.4982647066e+00  1.0769741705e-01  2.9343034737e-03  -1.0930655187e-03  2.8041653911e-03  1.0825175593e-01  1.2186840741e-02  3.8928607189e-02  6.2991488472e-03  1.5220418120e-02  7.2570902785e-03  nan  nan  nan  nan  
1.5987874871e+00  8.2529671147e-02  2.5904364743e-03  -6.6410448815e-03  4.0532888927e-03  1.1311367441e-01  1.4701653063e-02  4.5955074335e-02  7.8267721044e-03  2.1054863514e-02  1.0230922825e-02  nan  nan  nan  nan  
1.6986046715e+00  6.3662739148e-02  2.0899143893e-03  -1.5118210366e-02  5.4468645594e-03  1.0582867582e-01  1.3926643434e-02  4.4100796785e-02  8.8273645595e-03  3.1870272042e-02  1.2622873098e-02  nan  nan  nan  nan  
1.7983705618e+00  4.9338486006e-02  1.7044547012e-03  -1.8174913108e-02  4.8152769707e-03  1.1875186195e-01  1.4429217902e-02  5.0582454624e-02  1.0383694453e-02  1.4351688674e-02  1.0150710451e-02  nan  nan  nan  nan  
1.8980599732e+00  3.7359981180e-02  1.3130560098e-03  -2.6023957258e-02  5.8498463016e-03  1.1659344195e-01  1.7522359528e-02  4.4297171211e-02  9.2208981019e-03  2.3066994504e-02  1.4383713351e-02  nan  nan  nan  nan  
1.9985648087e+00  2.9671858302e-02  1.1738947506e-03  -3.0214907686e-02  6.3715790160e-03  1.4281309971e-01  1.7904602256e-02  4.2566074741e-02  9.1589338227e-03  1.5419906785e-02  1.1032679697e-02  nan  nan  nan  nan  
2.0981734671e+00  2.2483138735e-02  9.1198645878e-04  -3.9316593076e-02  8.9033110191e-03  1.2965396895e-01  1.7770528248e-02  5.9771752569e-02  1.1771884355e-02  2.3697981542e-02  1.4476901378e-02  nan  nan  nan  nan  
2.1989219737e+00  1.7653145990e-02  7.7025580216e-04  -3.9746686889e-02  1.0149516675e-02  1.1993320145e-01  1.7331270699e-02  6.9223066338e-02  1.6026653693e-02  2.4971358508e-02  1.3483291811e-02  nan  nan  nan  nan  
2.2989035146e+00  1.3219622395e-02  5.9364548172e-04  -5.3118799952e-02  1.3538118943e-02  1.3510757192e-01  1.9804377581e-02  5.4771536796e-02  1.3122065831e-02  5.6965196912e-02  2.6134160266e-02  nan  nan  nan  nan  
2.3988169952e+00  1.0575753787e-02  5.0074121849e-04  -4.6362971567e-02  1.2757596701e-02  1.3240412313e-01  2.3571877955e-02  6.1462974021e-02  1.5991017030e-02  4.0851777694e-02  2.1596573901e-02  nan  nan  nan  nan  
2.4982411144e+00  7.8709749449e-03  4.3365791380e-04  -5.7285451138e-02  1.4856889813e-02  1.6807365463e-01  2.4948713056e-02  5.2314120540e-02  1.5669411569e-02  3.8787943124e-02  2.2224131686e-02  nan  nan  nan  nan  
2.5981646210e+00  6.1409823377e-03  3.1886956602e-04  -6.0497404985e-02  1.2625103596e-02  1.0781456220e-01  2.3207341367e-02  8.7619381875e-02  2.2790049520e-02  3.7934609922e-03  1.8369252757e-02  nan  nan  nan  nan  
2.6994044340e+00  4.7314822571e-03  2.9020231585e-04  -7.7552703703e-02  2.0087264180e-02  1.5039025695e-01  2.6376941687e-02  5.0635772316e-02  1.8708566560e-02  8.5710388062e-03  2.2397862814e-02  nan  nan  nan  nan  
2.7985452182e+00  3.6510924601e-03  2.3012292791e-04  -4.9566762843e-02  1.4561849383e-02  1.6825996004e-01  3.2365595140e-02  7.3383052213e-02  2.4340223483e-02  4.5270524144e-02  2.8926853325e-02  nan  nan  nan  nan  
2.8987784393e+00  2.9099195263e-03  1.7778262995e-04  -9.7225270031e-02  2.3741156743e-02  1.5378632283e-01  2.8868073719e-02  5.8835413588e-02  1.8125139213e-02  -1.5713728085e-04  2.1802176894e-02  nan  nan  nan  nan  
2.9980479515e+00  2.2269656697e-03  1.4590954436e-04  -5.6960487109e-02  2.0479868004e-02  1.3752755707e-01  2.7498755087e-02  4.8660108778e-02  3.0004188522e-02  4.0061761023e-02  3.5369710550e-02  nan  nan  nan  nan  
3.0973214208e+00  1.5286949314e-03  1.1295142146e-04  -6.9103448940e-02  2.0205252853e-02  1.9443845875e-01  3.6909653851e-02  7.4873927366e-02  2.3263040998e-02  6.7630868319e-02  5.1156413148e-02  nan  nan  nan  nan  
3.1960931619e+00  1.2449178974e-03  9.7390460983e-05  -1.1536746356e-01  2.7881014755e-02  1.7626724095e-01  3.7479766958e-02  2.3855578904e-02  3.2190464643e-02  6.7190819070e-02  4.3458518941e-02  nan  nan  nan  nan  
3.2979268472e+00  8.8555427125e-04  7.3747640277e-05  -1.1385541796e-01  4.1097979443e-02  1.6327341780e-01  4.2188651067e-02  1.3991362484e-01  3.4380082211e-02  4.9645978838e-02  4.4795882279e-02  nan  nan  nan  nan  
3.4002101550e+00  6.7402633235e-04  6.2209813521e-05  -5.1437503632e-02  2.8019766866e-02  2.0609842360e-01  6.0256728860e-02  6.5032150981e-02  3.9999484045e-02  8.2841118488e-02  7.9976676490e-02  nan  nan  nan  nan  
3.4988718929e+00  5.8906315425e-04  6.1120631065e-05  -1.1542117698e-01  3.7982248819e-02  1.5750772967e-01  5.2287197432e-02  8.2972592703e-02  6.0904355165e-02  -3.0162434459e-02  4.6824208618e-02  nan  nan  nan  nan  
3.5960235084e+00  3.7619804575e-04  4.2393633988e-05  -1.2995819241e-01  6.3733115716e-02  1.0740537103e-01  6.0007092966e-02  4.9789807790e-02  5.1212917426e-02  3.7582910502e-02  6.5480380330e-02  nan  nan  nan  nan  
3.6849564860e+00  1.7924038352e-04  2.5194328589e-05  -9.4118077117e-02  4.6359270715e-02  1.7567715379e-01  1.0444915039e-01  1.5447710765e-01  8.2673432351e-02  -8.2194208269e-02  1.0897914075e-01  nan  nan  nan  nan  
3.7921652176e+00  5.2461764562e-05  1.2370301646e-05  -1.8591832932e-02  1.0426172754e-01  2.6585469919e-01  1.1900778080e-01  -3.2317628086e-02  1.3573563087e-01  2.0179233446e-01  1.8162019181e-01  nan  nan  nan  nan  
3.9019136978e+00  3.6710050486e-05  8.8334202742e-06  -9.7997415801e-02  8.0155653475e-02  1.0565175997e-01  1.3234958861e-01  -8.3255544686e-02  1.9649289997e-01  -1.5823352866e-02  1.2992742367e-01  nan  nan  nan  nan  
3.9874941792e+00  2.3948114176e-05  7.0726944057e-06  1.7750021409e-02  1.1979592101e-01  1.3470031967e-01  1.8393228110e-01  1.1046157978e-01  2.2958725020e-01  -2.5309257152e-01  2.6495361988e-01  nan  nan  nan  nan  
