#pT  dN/(2pi dy pT dpT)  dN/(2pi dy pT dpT)_err  vn{SP}  vn{SP}_err
1.0799672517e-01  1.6154716576e+00  2.8204953993e-02  8.0524246228e-03  3.4026297063e-03  2.4038719843e-03  3.9507340385e-03  -8.5151799443e-03  4.6542662589e-03  6.6187545812e-03  4.7445718674e-03  -2.3153163515e-04  8.7811644572e-03  nan  nan  
2.0386187702e-01  1.6291645114e+00  2.8245130471e-02  1.5804331427e-02  4.7018117091e-03  5.4675193819e-03  3.2902264806e-03  -3.7116321864e-03  2.9007233693e-03  -2.0786086296e-03  2.8522453227e-03  -4.5805826209e-03  1.0934287475e-02  nan  nan  
3.0182701623e-01  1.4963074868e+00  2.4354548132e-02  1.6213354111e-02  3.0905131022e-03  7.0075986993e-03  2.9291141398e-03  2.0412561235e-03  3.4509038494e-03  -3.4395359227e-03  2.7807627441e-03  -2.2735936236e-03  7.0344799856e-03  nan  nan  
4.0092119173e-01  1.3110037845e+00  2.1328718686e-02  2.5941280545e-02  4.2381708272e-03  1.8204744954e-02  3.1255609520e-03  6.2693129093e-03  2.6160716539e-03  2.5554430355e-03  2.4050977966e-03  -1.8154488968e-03  5.7827814864e-03  nan  nan  
5.0025477468e-01  1.1154420039e+00  1.7023779339e-02  2.7589633262e-02  4.5760425883e-03  2.7088084275e-02  4.4085507193e-03  3.6122481201e-03  2.9985870660e-03  2.7730335432e-03  2.4097745822e-03  5.0176131159e-03  1.0509407414e-02  nan  nan  
5.9963815260e-01  9.3375487381e-01  1.3412266120e-02  2.6487007850e-02  4.0788769423e-03  3.3415203634e-02  5.0854360186e-03  8.5193055453e-03  2.4289958209e-03  3.5430617280e-03  2.4099031896e-03  -7.4590239262e-04  4.7621455242e-03  nan  nan  
6.9947962738e-01  7.6402286052e-01  1.1104411456e-02  2.3725869841e-02  3.8041987293e-03  4.1321723499e-02  6.1002056174e-03  1.3168556939e-02  2.7275725463e-03  -1.5349322649e-04  2.2035264683e-03  3.0540516934e-03  7.7208566428e-03  nan  nan  
7.9895516916e-01  6.1198409791e-01  9.2734820437e-03  2.9011547434e-02  4.6247497750e-03  5.6377369600e-02  6.9633511924e-03  2.1642008287e-02  3.4417444176e-03  6.0389993267e-03  3.1137985975e-03  -1.0348878532e-03  5.2874026818e-03  nan  nan  
8.9884537798e-01  4.8569199955e-01  8.0006889063e-03  2.0506960689e-02  3.9787444924e-03  5.6936583088e-02  7.7161372795e-03  2.2617413554e-02  3.8828903604e-03  6.5033229900e-03  2.6262214421e-03  -5.4227078239e-03  1.1547910675e-02  nan  nan  
9.9881510626e-01  3.8160437610e-01  6.9012074980e-03  1.7355480124e-02  3.6664046674e-03  7.2756218090e-02  9.0148526615e-03  2.3669468843e-02  4.1825075753e-03  3.8692725131e-03  3.0206873530e-03  -7.3785023824e-03  1.5393725674e-02  nan  nan  
1.0987810690e+00  3.0049921169e-01  5.9985357812e-03  1.2821319842e-02  3.8629930485e-03  8.1202783538e-02  9.8321486879e-03  2.5995896695e-02  4.2019514912e-03  1.2265423594e-02  3.8219895957e-03  7.8554655208e-03  1.6402843848e-02  nan  nan  
1.1987058216e+00  2.3448917990e-01  4.7635717329e-03  6.1306926859e-03  2.9433112529e-03  8.8815643574e-02  1.1416518356e-02  2.6409066179e-02  4.2144492498e-03  7.0081160505e-03  3.5780149346e-03  3.7756595721e-03  9.2488129781e-03  nan  nan  
1.2985513401e+00  1.8132650858e-01  3.9830662744e-03  -5.4748712816e-04  3.8983858404e-03  9.1958601286e-02  1.1348271986e-02  3.4653678546e-02  6.2750513667e-03  9.3851471598e-03  3.9113041347e-03  2.0842197397e-03  6.7658141777e-03  nan  nan  
1.3984720871e+00  1.3849089448e-01  3.2999195850e-03  -5.6930613883e-03  3.8971585817e-03  9.2696917202e-02  1.0555791420e-02  3.7795054063e-02  6.7219431731e-03  9.8137738653e-03  5.0711416275e-03  4.3709361574e-03  1.0927387775e-02  nan  nan  
1.4981151665e+00  1.0767629631e-01  3.0275927770e-03  -7.5332974365e-03  3.8712679258e-03  1.0671255321e-01  1.3583042843e-02  3.8854439081e-02  7.3063735912e-03  1.2186134985e-02  4.7183947141e-03  1.1519229305e-02  2.4059777484e-02  nan  nan  
1.5984925468e+00  8.4700495093e-02  2.3907266629e-03  -1.5748547799e-02  4.0193099109e-03  1.1129849286e-01  1.3595722307e-02  4.1987208998e-02  7.2906110360e-03  9.9006274826e-03  4.6311287916e-03  1.6602713479e-02  3.3750487852e-02  nan  nan  
1.6980074377e+00  6.4336557382e-02  2.1170014019e-03  -2.4662640789e-02  6.6152089277e-03  1.1141530017e-01  1.5367357719e-02  4.3692774134e-02  8.1822949154e-03  1.7976902018e-02  5.7935445200e-03  1.1366845282e-02  2.4669193523e-02  nan  nan  
1.7984531343e+00  4.9867193493e-02  1.6840026280e-03  -2.8549258760e-02  5.9642158489e-03  1.2080227979e-01  1.7100609774e-02  3.1297007998e-02  8.0724999816e-03  2.0541447639e-02  7.9501699222e-03  8.4694385884e-03  1.9390534039e-02  nan  nan  
1.8983295328e+00  3.7782257429e-02  1.3848577126e-03  -3.8221932436e-02  7.2462721518e-03  1.2676148702e-01  1.8002353687e-02  4.9537130165e-02  1.1042267909e-02  1.6242385584e-02  7.2193747249e-03  8.6926841197e-06  1.1919732039e-02  nan  nan  
1.9981455716e+00  2.9216106154e-02  1.1658315013e-03  -4.4808331266e-02  9.8623763475e-03  1.3854570721e-01  2.0957801184e-02  4.9933404777e-02  1.0879555960e-02  2.5460209831e-02  8.8522992898e-03  -7.1372329340e-03  2.2367784010e-02  nan  nan  
2.0983036338e+00  2.3160595586e-02  9.5042361633e-04  -6.3813230120e-02  1.1590828102e-02  1.1429101038e-01  1.6705361333e-02  4.6091172517e-02  1.1107236888e-02  2.1179604450e-02  7.2931726198e-03  1.1746647451e-02  2.7223340766e-02  nan  nan  
2.1977654497e+00  1.7705885584e-02  7.9365707667e-04  -4.7458808494e-02  9.4941492041e-03  1.2128621722e-01  1.8367442543e-02  6.2672805293e-02  1.1877973274e-02  6.3978809191e-03  7.9669617055e-03  5.8421571711e-03  2.2624459500e-02  nan  nan  
2.2985052445e+00  1.3502346351e-02  6.8007923855e-04  -6.1969525386e-02  1.3618794993e-02  1.3377670231e-01  2.2059785110e-02  5.8246418789e-02  1.2092396992e-02  7.4450786513e-03  1.1595806309e-02  1.9477163542e-02  4.1757789354e-02  nan  nan  
2.3980576442e+00  1.0084659003e-02  4.9024763140e-04  -8.1381860324e-02  1.5089471346e-02  1.3548039372e-01  2.1660220220e-02  5.9386784667e-02  1.3996735962e-02  3.4771760018e-02  1.2184130542e-02  -3.6723926467e-02  7.6056141130e-02  nan  nan  
2.4985335166e+00  7.8796087101e-03  4.3042141350e-04  -9.1788253855e-02  1.6720963856e-02  1.2827857216e-01  2.2740510423e-02  7.6907351561e-02  1.7322238274e-02  1.8989059552e-02  1.2396651007e-02  3.7961328656e-02  7.9760531731e-02  nan  nan  
2.5991731717e+00  6.1845241509e-03  3.4878580812e-04  -8.0102703481e-02  2.0511861369e-02  1.2921478341e-01  2.3847295312e-02  3.3068664177e-02  1.4121764020e-02  -4.3846051758e-03  1.1594104980e-02  -3.2516941851e-02  6.8496863925e-02  nan  nan  
2.6975141279e+00  4.5931964525e-03  2.7800036282e-04  -8.5537026934e-02  1.9929050397e-02  1.4531663861e-01  2.4048279661e-02  7.6244522497e-02  2.1619318413e-02  3.4655987907e-02  1.5376672897e-02  1.0568873281e-02  3.6184304516e-02  nan  nan  
2.7978770802e+00  3.6661853931e-03  2.1363379896e-04  -9.1537176752e-02  1.6727232896e-02  1.2106222856e-01  2.5311829885e-02  1.0493399674e-01  2.4118222392e-02  -8.1400794128e-03  1.7825278242e-02  5.6516968638e-02  1.1689405248e-01  nan  nan  
2.8970554592e+00  2.9665869529e-03  2.0962545117e-04  -1.1575184976e-01  2.3649585850e-02  1.3077359369e-01  2.6378128605e-02  2.1512914947e-02  1.7522130647e-02  2.2523375416e-02  1.4633652254e-02  8.2499406497e-03  4.2415095459e-02  nan  nan  
2.9973974751e+00  2.2301038365e-03  1.7465837890e-04  -1.4521900177e-01  3.5929418359e-02  1.5998236683e-01  3.8151924173e-02  5.8686070369e-02  2.2046787904e-02  6.9253632513e-02  2.2459384368e-02  -2.1156857998e-02  6.4149110507e-02  nan  nan  
3.0973598905e+00  1.6211672623e-03  1.2605837139e-04  -1.2515724799e-01  2.8322847261e-02  9.1164169416e-02  2.8190334845e-02  2.4833488559e-03  2.9295128862e-02  2.2121844275e-02  2.1019063229e-02  -2.4701781020e-02  7.4098311454e-02  nan  nan  
3.1994745746e+00  1.2833974573e-03  9.3375893236e-05  -1.3172619744e-01  3.1327921785e-02  1.3982786283e-01  3.6712341237e-02  5.9928929279e-02  2.8608840068e-02  3.6230270042e-02  2.5159287932e-02  1.8014314988e-02  6.0082399248e-02  nan  nan  
3.2989282839e+00  1.0324309861e-03  9.2239026496e-05  -1.0892798019e-01  3.6637026221e-02  1.8792025290e-01  5.3673411334e-02  8.3806405193e-02  3.2007868681e-02  1.9696846887e-02  1.9709736495e-02  -1.0417794027e-01  2.1213861866e-01  nan  nan  
3.3985656879e+00  7.5864653322e-04  6.4134922649e-05  -1.2751377600e-01  4.7870789812e-02  1.4270060994e-01  4.2286111695e-02  4.3294581862e-02  3.5695871299e-02  -4.0558411951e-03  2.6730549962e-02  -1.0265570232e-02  6.0383866278e-02  nan  nan  
3.4966038593e+00  5.8489354274e-04  5.3784753194e-05  -5.6836992396e-02  4.0795349696e-02  1.8159150506e-01  5.3774269384e-02  2.1828858857e-02  4.2618081822e-02  8.4289471217e-03  2.7248328918e-02  -4.0052743997e-02  1.0344288342e-01  nan  nan  
3.5963303043e+00  3.8501691664e-04  3.5489494553e-05  -2.0154195037e-01  4.6930064368e-02  1.2695036085e-01  6.3416421880e-02  -2.9418608124e-03  4.7567550596e-02  -5.8871574110e-02  4.5135272998e-02  -5.2543503445e-02  1.3367089570e-01  nan  nan  
3.6817802583e+00  1.7723362629e-04  2.5460352751e-05  -9.1364182563e-02  5.2776643053e-02  2.6554164069e-01  9.1844316172e-02  9.6789276839e-02  7.3926730669e-02  4.8367192336e-02  5.0456012830e-02  6.9138763915e-02  2.3224565123e-01  nan  nan  
3.7930071186e+00  6.0842139298e-05  1.1977016789e-05  -1.9709230767e-01  1.0567270187e-01  1.3873498760e-01  1.3785081278e-01  4.0451388810e-02  1.3557431853e-01  -2.3263702951e-03  7.9786447360e-02  2.2086454641e-01  4.8370399096e-01  nan  nan  
3.8996338064e+00  5.7137908680e-05  1.0437228201e-05  -2.1910912272e-01  1.0018982078e-01  2.0401798066e-01  1.5565215190e-01  2.5500473100e-01  1.6233713673e-01  1.4449400486e-01  1.0218182919e-01  1.3564071538e-01  3.5435118090e-01  nan  nan  
3.9905229830e+00  3.9883229270e-05  8.9181611825e-06  -2.5519467735e-01  1.4526815071e-01  1.1269299799e-02  1.3957487716e-01  2.1941462242e-01  2.3872673152e-01  1.1401992201e-01  8.1861819521e-02  2.3094008944e-01  5.6100397618e-01  nan  nan  
