#pT  dN/(2pi dy pT dpT)  dN/(2pi dy pT dpT)_err  vn{SP}  vn{SP}_err
1.0541612176e-01  3.1033109675e+01  4.6375018967e-01  4.6112943323e-03  1.5523826165e-03  9.4159775404e-04  1.2600647022e-03  2.4482201786e-04  1.3470818585e-03  -7.7030669715e-04  1.2505034212e-03  1.4066885179e-03  5.2462808972e-03  3.7054170840e-03  5.8017923386e-03  
2.0056713880e-01  2.1997412323e+01  3.3004575076e-01  1.4914189447e-02  2.5802378498e-03  8.8302207363e-03  1.2081570327e-03  1.3476654869e-03  9.3166071851e-04  -1.6659386777e-03  1.3396149975e-03  4.9313643383e-03  1.3843270566e-02  2.4066273858e-03  4.0723921660e-03  
2.9929270840e-01  1.4423655110e+01  2.1475969160e-01  2.5164749421e-02  3.7814051806e-03  1.6835417796e-02  2.2540445472e-03  4.6082603563e-03  1.1437477601e-03  8.7056533578e-04  1.3353527444e-03  2.8145619154e-03  8.2651993717e-03  7.6602487411e-04  2.1071944487e-03  
3.9874602841e-01  9.6036545961e+00  1.4424162061e-01  2.6347684766e-02  4.3541631695e-03  3.0759496096e-02  3.7371418681e-03  6.2620660276e-03  1.3005378672e-03  6.1571530457e-04  1.2356908826e-03  -3.1733859245e-03  9.5370500372e-03  3.2856283244e-03  5.3134181557e-03  
4.9854407383e-01  6.4864989806e+00  9.6432300572e-02  2.8581744147e-02  4.4845623939e-03  4.0712073261e-02  4.8199515145e-03  1.1079975776e-02  1.6416617276e-03  2.0458390964e-03  1.1797496964e-03  5.3367052717e-03  1.4946082862e-02  7.6397564803e-04  2.5342870707e-03  
5.9836591781e-01  4.4659548233e+00  7.0555423875e-02  2.5602942842e-02  4.1526505821e-03  4.9774364281e-02  5.8657472877e-03  1.3905718083e-02  1.8508300270e-03  5.8016162410e-03  1.8880038589e-03  1.1869944204e-02  3.2668988552e-02  -1.4313421566e-03  3.2680796575e-03  
6.9823539599e-01  3.1205278542e+00  5.1540011074e-02  2.3792472235e-02  3.8248873302e-03  5.6400937762e-02  6.4354558470e-03  1.8689571459e-02  2.5642100018e-03  4.7355172346e-03  1.6103981688e-03  -7.1033634808e-04  5.2613937379e-03  -2.8439222429e-03  4.8033164175e-03  
7.9827633082e-01  2.1813925252e+00  3.8886785347e-02  1.7735556694e-02  3.2678928733e-03  7.0024324573e-02  8.0626102612e-03  2.4045552300e-02  3.3558838396e-03  4.4799799967e-03  2.7161427311e-03  4.0963909418e-03  1.2543802608e-02  2.7486879380e-03  5.1508554070e-03  
8.9814013403e-01  1.5642153188e+00  2.9578778403e-02  1.2471674758e-02  2.7993419056e-03  7.4778626071e-02  8.8682741885e-03  2.8898697050e-02  3.8904617763e-03  9.7782589227e-03  3.3312246380e-03  4.4932430329e-03  1.3883362983e-02  -9.4442313964e-04  3.9693533811e-03  
9.9820533575e-01  1.1192764257e+00  2.2989535902e-02  1.0856645133e-02  2.9759195726e-03  8.2439535577e-02  9.3627101933e-03  3.2534146948e-02  4.4204980417e-03  1.2794174980e-02  3.7042785266e-03  5.7553909942e-03  1.7998404042e-02  -5.5197207235e-03  9.0066122903e-03  
1.0981349306e+00  8.1579350429e-01  1.8325767896e-02  -6.0062248954e-03  2.9173275627e-03  9.1410113439e-02  1.1181419124e-02  3.6334303157e-02  4.8782030897e-03  1.1973460846e-02  4.3956436215e-03  -8.3873858629e-04  8.6061804214e-03  2.9611560160e-03  7.6675562189e-03  
1.1979089545e+00  5.9146896997e-01  1.4509721050e-02  -1.0495564008e-02  2.8691318636e-03  9.4283057340e-02  1.0729691257e-02  3.9553322955e-02  5.4301269754e-03  1.6438973694e-02  4.2443020032e-03  2.8616696298e-02  7.8672277920e-02  -3.9342380978e-03  7.9587670829e-03  
1.2977755964e+00  4.3064497574e-01  1.1254702953e-02  -2.1685765512e-02  3.9565065923e-03  1.0460858620e-01  1.2056237739e-02  3.8389559427e-02  5.1898872226e-03  1.1646702801e-02  4.5170407689e-03  1.1449891467e-02  3.2795183349e-02  5.7463667819e-03  9.9008732143e-03  
1.3981200385e+00  3.1832809103e-01  8.8579039298e-03  -2.1779646849e-02  5.1626539906e-03  1.0614830461e-01  1.2535824184e-02  4.3918681045e-02  6.2071064986e-03  1.7755434507e-02  4.9043036285e-03  9.5796989771e-03  2.8527271017e-02  -4.2147935833e-03  9.2079583603e-03  
1.4978670636e+00  2.3199051065e-01  6.9228097470e-03  -3.3062332575e-02  5.8428878729e-03  1.1797580135e-01  1.4322450189e-02  3.9105690788e-02  5.7797188065e-03  1.4571880332e-02  6.5990360599e-03  8.0909573478e-03  2.5034128441e-02  -7.4483264335e-03  1.4107200999e-02  
1.5984024958e+00  1.7241758579e-01  5.4972887028e-03  -4.6228226973e-02  8.2014637336e-03  1.1702295881e-01  1.4178737888e-02  5.7827527309e-02  7.6656209375e-03  2.4511437986e-02  6.2853453345e-03  1.9074831135e-02  5.3682140179e-02  -8.8112999000e-03  1.4689654727e-02  
1.6979325827e+00  1.2831322270e-01  4.4659253582e-03  -5.3605021159e-02  1.0552557820e-02  1.2372109235e-01  1.5374714445e-02  4.8468893974e-02  7.1450692030e-03  2.8538923971e-02  8.3577257884e-03  4.3235587575e-02  1.1918031121e-01  5.6242001359e-03  1.3289336597e-02  
1.7982235153e+00  9.6255530518e-02  3.7222250146e-03  -6.1444426732e-02  9.5895431540e-03  1.2719932631e-01  1.5731439780e-02  5.4798069604e-02  8.3405103637e-03  2.2177646205e-02  8.2072073366e-03  1.5826864769e-04  1.5172639155e-02  1.5276196932e-02  2.3769946783e-02  
1.8982464311e+00  7.0520465861e-02  2.8975817111e-03  -7.2942402443e-02  1.2443401579e-02  1.2826725868e-01  1.9098193475e-02  5.1200875070e-02  9.1785829608e-03  1.7329444385e-02  7.1573492121e-03  1.1858568356e-02  3.7195141314e-02  1.7327456856e-02  2.7043707503e-02  
1.9985253111e+00  5.3634974543e-02  2.2038335643e-03  -8.0025848953e-02  1.1036433370e-02  1.3919286219e-01  1.6992264663e-02  4.7042259228e-02  9.2618994904e-03  2.1982090687e-02  9.3677375803e-03  -5.0834132531e-03  2.4472435324e-02  6.5536512457e-03  1.7332504169e-02  
2.0980590810e+00  3.9806579864e-02  1.7693127692e-03  -8.8133929403e-02  1.4793296671e-02  1.4462058797e-01  1.9611725916e-02  6.0134919589e-02  1.0176388030e-02  2.5922995926e-02  1.1488127773e-02  2.4134689591e-02  7.0454839478e-02  2.9738112093e-02  4.3869522313e-02  
2.1981579183e+00  2.8954271765e-02  1.4061531831e-03  -1.0561315617e-01  1.9260738267e-02  1.3277653157e-01  1.9085967631e-02  6.8932362723e-02  1.2227800321e-02  1.1428950557e-02  9.8319118167e-03  2.4424635356e-02  7.4491939748e-02  6.0475534657e-03  2.1173854109e-02  
2.2973052571e+00  2.2203910035e-02  1.1083823373e-03  -1.1597001134e-01  2.2156087773e-02  1.4331273584e-01  2.1740317575e-02  5.9822233434e-02  1.1443922187e-02  2.7768304851e-02  1.4774653571e-02  7.2372275644e-02  2.0073248433e-01  4.0362212125e-02  6.1855225222e-02  
2.3982301320e+00  1.6756783516e-02  8.2765021758e-04  -1.1684389299e-01  2.1341263665e-02  1.2775020593e-01  1.8689821931e-02  5.2388056379e-02  1.0491608406e-02  1.8022677215e-02  1.2826755162e-02  -3.3732621647e-02  9.6568171840e-02  1.5986709625e-02  3.2999260190e-02  
2.4977780225e+00  1.2928505919e-02  7.0100867656e-04  -1.3154776472e-01  2.9370288487e-02  1.4400904535e-01  2.2679145498e-02  6.5206748497e-02  1.3612744989e-02  2.7388677372e-02  1.2429466355e-02  -1.7650432922e-02  6.1728731409e-02  -9.1592278479e-03  2.7774615363e-02  
2.5978684881e+00  9.3886565607e-03  5.4440918707e-04  -1.2724828253e-01  2.1510662417e-02  1.4450235258e-01  2.3844674909e-02  4.6321371751e-02  1.7747605411e-02  2.4881778035e-02  1.6823242726e-02  3.8640719733e-02  1.1645512599e-01  6.4861155798e-02  9.4369299971e-02  
2.6977733846e+00  7.2327780137e-03  4.4071776875e-04  -1.5253358299e-01  3.0496015453e-02  1.5125270045e-01  2.3940299525e-02  6.9159383775e-02  1.7105376961e-02  1.2948082024e-02  1.7214079440e-02  1.4189555135e-01  3.8939840091e-01  6.4770387438e-03  4.0576193716e-02  
2.7982956160e+00  5.6022536743e-03  3.4329780494e-04  -1.3902883702e-01  2.6583881463e-02  1.6757739248e-01  2.7285682511e-02  4.8267075491e-02  1.7938989190e-02  4.4771196129e-02  2.0729637491e-02  5.7504610395e-02  1.6207720141e-01  -4.1289076067e-02  6.8898048569e-02  
2.8974397590e+00  4.1911215301e-03  2.6450768751e-04  -1.6973011361e-01  3.8391489808e-02  1.5506884206e-01  2.6430045051e-02  5.5647742274e-02  1.9144191828e-02  5.2630461133e-02  1.9677986706e-02  2.2795309149e-02  9.3300971885e-02  -1.8561468059e-02  4.5632108673e-02  
2.9966638129e+00  3.0830767214e-03  2.2969675984e-04  -1.1766102519e-01  2.7106906007e-02  1.7975495380e-01  3.0358213416e-02  -1.0359710933e-02  1.8353238161e-02  4.5162271538e-02  2.4581628588e-02  2.4393481257e-02  9.3328282664e-02  -7.0407891722e-02  1.1684841953e-01  
3.0980975551e+00  2.3759471698e-03  1.8359141639e-04  -2.1924625890e-01  3.9394869091e-02  1.5198541726e-01  2.9977352991e-02  7.7772394794e-02  2.9311267428e-02  2.7197218559e-02  2.6694492039e-02  2.6934179826e-02  1.1990453733e-01  -2.8142359105e-02  7.0132647480e-02  
3.1982194860e+00  1.7790490116e-03  1.3607298960e-04  -2.0678611750e-01  5.1135118474e-02  1.9251480840e-01  3.8426146345e-02  3.5568106908e-02  2.7798016385e-02  6.3207273400e-02  3.4779794221e-02  2.2254470565e-02  1.0748160224e-01  -8.1250227646e-02  1.2588840836e-01  
3.2984499774e+00  1.2762504431e-03  1.0561967888e-04  -2.7337113162e-01  6.3812139458e-02  1.6379192672e-01  4.1098619893e-02  8.5019418269e-02  3.4143679841e-02  1.6769027643e-03  2.9083445450e-02  -4.7283449924e-02  1.6973371679e-01  9.9985689548e-02  1.6010000615e-01  
3.3964203278e+00  1.0566842794e-03  9.4331963045e-05  -1.7377338065e-01  5.0005585946e-02  1.4582055428e-01  3.3972694824e-02  5.1009078101e-02  3.2062726200e-02  3.1134512735e-02  5.1006391984e-02  1.4152303436e-01  4.0141241361e-01  -3.3886708009e-02  9.6402835579e-02  
3.4977148491e+00  6.7798798779e-04  6.8781133685e-05  -2.5059960639e-01  1.0423166176e-01  8.5096476427e-02  4.5087659341e-02  1.7755996641e-01  4.6749159891e-02  1.5626281421e-02  4.1921507656e-02  -2.5384976158e-02  1.5169184590e-01  -1.0898185510e-01  1.7858032647e-01  
3.5999764096e+00  5.7251944977e-04  5.7310804492e-05  -2.8504479952e-01  8.1014445264e-02  1.7440046746e-01  5.7969005991e-02  3.6185679070e-02  4.8090261796e-02  1.1933511082e-02  4.4538004172e-02  -7.5182982482e-02  2.5183658282e-01  1.4103174107e-01  2.2032505277e-01  
3.6824705009e+00  3.0469825861e-04  3.5389314456e-05  -2.0097434950e-01  8.6535179348e-02  1.0987578390e-01  6.4491046229e-02  2.1919942757e-02  5.5842020257e-02  8.9898374266e-02  7.4103196556e-02  5.3130681115e-01  1.4663986220e+00  -1.5044097649e-01  2.5522590008e-01  
3.8001400312e+00  1.0889147473e-04  1.5239282651e-05  -2.2133352254e-01  1.2157685009e-01  1.7668915758e-01  9.8366236178e-02  1.4882267939e-01  8.9230246395e-02  -1.1242022847e-01  1.2775403420e-01  -1.6606445316e-02  4.3780772507e-01  2.2731855832e-01  4.1051534710e-01  
3.8984943072e+00  7.3484498130e-05  1.3391504237e-05  -4.2474781294e-01  1.2113684385e-01  3.7079923507e-01  1.2015084043e-01  3.2724451198e-01  1.2087256438e-01  1.4932678280e-01  1.4021824981e-01  5.3025329935e-01  1.4988899759e+00  -2.2627158473e-01  4.3907872591e-01  
3.9933578523e+00  5.1811391217e-05  1.0011440743e-05  -3.9304916470e-01  1.4844377549e-01  2.2996177392e-01  1.5824912938e-01  1.7548812032e-01  1.2792576590e-01  5.5943934996e-02  1.6662065125e-01  3.4551226070e-01  1.0610840084e+00  3.7461245746e-01  6.0793436644e-01  
