#pT  dN/(2pi dy pT dpT)  dN/(2pi dy pT dpT)_err  vn{SP}  vn{SP}_err
1.0541612176e-01  3.1033109675e+01  4.6375018967e-01  4.7039510624e-03  1.5837889623e-03  1.0041566486e-03  1.3437743072e-03  2.6267782875e-04  1.4453303738e-03  -8.2432643802e-04  1.3385075476e-03  9.3238483059e-04  2.6055620840e-03  4.5296028518e-03  9.4188403335e-03  
2.0056713880e-01  2.1997412323e+01  3.3004575076e-01  1.5213866702e-02  2.6334280447e-03  9.4168925351e-03  1.2876971405e-03  1.4459559115e-03  9.9963910018e-04  -1.7827669177e-03  1.4349091441e-03  3.2686193458e-03  4.3611926184e-03  2.9419269202e-03  6.4021109860e-03  
2.9929270840e-01  1.4423655110e+01  2.1475969160e-01  2.5670395608e-02  3.8599979814e-03  1.7953947574e-02  2.4023813507e-03  4.9443584988e-03  1.2274398050e-03  9.3161597187e-04  1.4293678045e-03  1.8655550260e-03  2.9635175335e-03  9.3640968768e-04  2.8769703525e-03  
3.9874602841e-01  9.6036545961e+00  1.4424162061e-01  2.6877100184e-02  4.4441395075e-03  3.2803128916e-02  3.9825752154e-03  6.7187825751e-03  1.3958362314e-03  6.5889392592e-04  1.3225469111e-03  -2.1033916605e-03  3.6016009258e-03  4.0164416288e-03  8.5083404479e-03  
4.9854407383e-01  6.4864989806e+00  9.6432300572e-02  2.9156049486e-02  4.5775132414e-03  4.3416946216e-02  5.1363014081e-03  1.1888081003e-02  1.7624982772e-03  2.1893088315e-03  1.2647937819e-03  3.5372884454e-03  4.6705824218e-03  9.3390465785e-04  3.3511874176e-03  
5.9836591781e-01  4.4659548233e+00  7.0555423875e-02  2.6117393839e-02  4.2385531727e-03  5.3081327572e-02  6.2506925482e-03  1.4919915558e-02  1.9873602436e-03  6.2084695205e-03  2.0319958105e-03  7.8676663486e-03  9.5545817967e-03  -1.7497116701e-03  4.6574597368e-03  
6.9823539599e-01  3.1205278542e+00  5.1540011074e-02  2.4270544663e-02  3.9040503559e-03  6.0148164541e-02  6.8574395102e-03  2.0052673751e-02  2.7532383524e-03  5.0676075758e-03  1.7323872490e-03  -4.7082692944e-04  3.2877809117e-03  -3.4764880740e-03  7.5568061133e-03  
7.9827633082e-01  2.1813925252e+00  3.8886785347e-02  1.8091924901e-02  3.3350571625e-03  7.4676676726e-02  8.5914147777e-03  2.5799286863e-02  3.6031844344e-03  4.7941501310e-03  2.9114332010e-03  2.7151801736e-03  4.9149754527e-03  3.3600710637e-03  7.7964578229e-03  
8.9814013403e-01  1.5642153188e+00  2.9578778403e-02  1.2722273509e-02  2.8564568847e-03  7.9746849672e-02  9.4503537251e-03  3.1006390116e-02  4.1773765263e-03  1.0463984511e-02  3.5835011439e-03  2.9782226773e-03  5.5293992212e-03  -1.1544885905e-03  5.1029163251e-03  
9.9820533575e-01  1.1192764257e+00  2.2989535902e-02  1.1074792396e-02  3.0363337611e-03  8.7916743007e-02  9.9765626537e-03  3.4906987350e-02  4.7464362099e-03  1.3691399449e-02  3.9927593360e-03  3.8148027717e-03  7.3175459683e-03  -6.7474570780e-03  1.4368727302e-02  
1.0981349306e+00  8.1579350429e-01  1.8325767896e-02  -6.1269105683e-03  2.9761395680e-03  9.7483317867e-02  1.1915863680e-02  3.8984303559e-02  5.2379836701e-03  1.2813130622e-02  4.7251173068e-03  -5.5593482475e-04  5.5366537602e-03  3.6197978341e-03  1.0601232957e-02  
1.1979089545e+00  5.9146896997e-01  1.4509721050e-02  -1.0706455912e-02  2.9273814004e-03  1.0054713754e-01  1.1433206174e-02  4.2438098846e-02  5.8304195583e-03  1.7591799058e-02  4.5832716940e-03  1.8967790801e-02  2.2902399732e-02  -4.8093198966e-03  1.1745589568e-02  
1.2977755964e+00  4.3064497574e-01  1.1254702953e-02  -2.2121506972e-02  4.0378600275e-03  1.1155868510e-01  1.2846993085e-02  4.1189457571e-02  5.5725970250e-03  1.2463457828e-02  4.8533504907e-03  7.5892459345e-03  1.1007778290e-02  7.0245153981e-03  1.5455443609e-02  
1.3981200385e+00  3.1832809103e-01  8.8579039298e-03  -2.2217274707e-02  5.2678224631e-03  1.1320070100e-01  1.3358542818e-02  4.7121839282e-02  6.6644014557e-03  1.9000580076e-02  5.2899774626e-03  6.3496402324e-03  1.0563637324e-02  -5.1522785699e-03  1.3281586750e-02  
1.4978670636e+00  2.3199051065e-01  6.9228097470e-03  -3.3726668314e-02  5.9632091072e-03  1.2581400582e-01  1.5263046931e-02  4.1957819144e-02  6.2051615215e-03  1.5593770966e-02  7.0827597788e-03  5.3628687517e-03  9.9946969100e-03  -9.1050372710e-03  2.1274555633e-02  
1.5984024958e+00  1.7241758579e-01  5.4972887028e-03  -4.7157110719e-02  8.3703228308e-03  1.2479785728e-01  1.5109853607e-02  6.2045111172e-02  8.2311429220e-03  2.6230365698e-02  6.7881615485e-03  1.2643227672e-02  1.7057503463e-02  -1.0771173191e-02  2.3230892499e-02  
1.6979325827e+00  1.2831322270e-01  4.4659253582e-03  -5.4682130019e-02  1.0768841655e-02  1.3194100870e-01  1.6384953991e-02  5.2003916731e-02  7.6710398327e-03  3.0540289509e-02  9.0071491278e-03  2.8657521180e-02  3.5079630307e-02  6.8751755598e-03  1.8772516673e-02  
1.7982235153e+00  9.6255530518e-02  3.7222250146e-03  -6.2679056156e-02  9.7883692756e-03  1.3565033335e-01  1.6765008248e-02  5.8794703471e-02  8.9541303259e-03  2.3732910758e-02  8.8217473009e-03  1.0490402416e-04  1.0053428825e-02  1.8674039554e-02  3.8693854927e-02  
1.8982464311e+00  7.0520465861e-02  2.8975817111e-03  -7.4408065663e-02  1.2700100201e-02  1.3678921817e-01  2.0357333110e-02  5.4935151712e-02  9.8522286623e-03  1.8544716300e-02  7.6865858011e-03  7.8601261804e-03  1.5196633269e-02  2.1181555602e-02  4.3964896877e-02  
1.9985253111e+00  5.3634974543e-02  2.2038335643e-03  -8.1633842926e-02  1.1267241025e-02  1.4844070880e-01  1.8108339588e-02  5.0473232029e-02  9.9409327939e-03  2.3523641406e-02  1.0058251120e-02  -3.3694007909e-03  1.3923501928e-02  8.0113619330e-03  2.3855537547e-02  
2.0980590810e+00  3.9806579864e-02  1.7693127692e-03  -8.9904842541e-02  1.5098733015e-02  1.5422904771e-01  2.0902669016e-02  6.4520790440e-02  1.0923836875e-02  2.7740912774e-02  1.2331843636e-02  1.5997015814e-02  2.4895180056e-02  3.6352678872e-02  7.3144695780e-02  
2.1981579183e+00  2.8954271765e-02  1.4061531831e-03  -1.0773528697e-01  1.9656783908e-02  1.4159808302e-01  2.0343592209e-02  7.3959864921e-02  1.3125357407e-02  1.2230435147e-02  1.0530058779e-02  1.6189198397e-02  2.8967565798e-02  7.3926942105e-03  2.7789916648e-02  
2.2973052571e+00  2.2203910035e-02  1.1083823373e-03  -1.1830024690e-01  2.2610746230e-02  1.5283430308e-01  2.3174057601e-02  6.4185298882e-02  1.2283188005e-02  2.9715628739e-02  1.5844756286e-02  4.7969974238e-02  6.0542182956e-02  4.9339868361e-02  1.0136735445e-01  
2.3982301320e+00  1.6756783516e-02  8.2765021758e-04  -1.1919168783e-01  2.1780059429e-02  1.3623781290e-01  1.9921697089e-02  5.6208918717e-02  1.1260663627e-02  1.9286563867e-02  1.3742765914e-02  -2.2358741341e-02  3.2364622293e-02  1.9542589637e-02  4.8397323816e-02  
2.4977780225e+00  1.2928505919e-02  7.0100867656e-04  -1.3419101082e-01  2.9969627620e-02  1.5357687476e-01  2.4175602526e-02  6.9962527327e-02  1.4610186102e-02  2.9309378905e-02  1.3340407368e-02  -1.1699104457e-02  2.8967987677e-02  -1.1196489799e-02  3.7248907474e-02  
2.5978684881e+00  9.3886565607e-03  5.4440918707e-04  -1.2980513727e-01  2.1954624181e-02  1.5410295688e-01  2.5419006113e-02  4.9699767458e-02  1.9043791565e-02  2.6626676796e-02  1.8026994718e-02  2.5611939291e-02  4.4234512530e-02  7.9288044939e-02  1.5836080644e-01  
2.6977733846e+00  7.2327780137e-03  4.4071776875e-04  -1.5559850620e-01  3.1120683563e-02  1.6130179169e-01  2.5520081700e-02  7.4203443490e-02  1.8357066170e-02  1.3856099621e-02  1.8427610236e-02  9.4051567150e-02  1.1250517965e-01  7.9177087222e-03  5.0770830584e-02  
2.7982956160e+00  5.6022536743e-03  3.4329780494e-04  -1.4182240353e-01  2.7129382220e-02  1.7871108134e-01  2.9086898124e-02  5.1787378851e-02  1.9249266126e-02  4.7910891554e-02  2.2246314978e-02  3.8115350867e-02  5.1757387297e-02  -5.0472892110e-02  1.0891814991e-01  
2.8974397590e+00  4.1911215301e-03  2.6450768751e-04  -1.7314057415e-01  3.9174609817e-02  1.6537147426e-01  2.8175760948e-02  5.9706346035e-02  2.0542839607e-02  5.6321307757e-02  2.1149538867e-02  1.5109244291e-02  4.9313832135e-02  -2.2690044534e-02  6.3840024197e-02  
2.9966638129e+00  3.0830767214e-03  2.2969675984e-04  -1.2002523903e-01  2.7659542227e-02  1.9169770872e-01  3.2363168350e-02  -1.1115284475e-02  1.9691896716e-02  4.8329392134e-02  2.6359523901e-02  1.6168548758e-02  4.7243856551e-02  -8.6068526134e-02  1.8512806753e-01  
3.0980975551e+00  2.3759471698e-03  1.8359141639e-04  -2.2365166874e-01  4.0205475917e-02  1.6208318954e-01  3.1960321309e-02  8.3444634513e-02  3.1452097660e-02  2.9104493550e-02  2.8584573505e-02  1.7852580990e-02  6.6122361195e-02  -3.4401986921e-02  9.7805067809e-02  
3.1982194860e+00  1.7790490116e-03  1.3607298960e-04  -2.1094116034e-01  5.2175640874e-02  2.0530531639e-01  4.0968255349e-02  3.8162225673e-02  2.9826104556e-02  6.7639846221e-02  3.7293639621e-02  1.4750764297e-02  6.1221169157e-02  -9.9322493126e-02  2.0530948207e-01  
3.2984499774e+00  1.2762504431e-03  1.0561967888e-04  -2.7886409592e-01  6.5112609713e-02  1.7467411269e-01  4.3821805368e-02  9.1220211268e-02  3.6637035450e-02  1.7944998891e-03  3.1123060001e-02  -3.1340535510e-02  8.1641576943e-02  1.2222523248e-01  2.5743494104e-01  
3.3964203278e+00  1.0566842794e-03  9.4331963045e-05  -1.7726508429e-01  5.1019788585e-02  1.5550873869e-01  3.6222743514e-02  5.4729366252e-02  3.4402382301e-02  3.3317900620e-02  5.4595736631e-02  9.3804654500e-02  1.3082196819e-01  -4.1424035609e-02  1.3076812615e-01  
3.4977148491e+00  6.7798798779e-04  6.8781133685e-05  -2.5563501260e-01  1.0633543146e-01  9.0750208581e-02  4.8081429208e-02  1.9051009732e-01  5.0168712750e-02  1.6722114647e-02  4.4865159024e-02  -1.6825733908e-02  9.1554863474e-02  -1.3322239048e-01  2.8440333371e-01  
3.5999764096e+00  5.7251944977e-04  5.7310804492e-05  -2.9077232789e-01  8.2657946159e-02  1.8598747519e-01  6.1814490661e-02  3.8824839747e-02  5.1598071491e-02  1.2770379279e-02  4.7663431186e-02  -4.9832974032e-02  1.1276015508e-01  1.7240104476e-01  3.5803310941e-01  
3.6824705009e+00  3.0469825861e-04  3.5389314456e-05  -2.0501261397e-01  8.8281248551e-02  1.1717583060e-01  6.8773659216e-02  2.3518648446e-02  5.9914920507e-02  9.6202729272e-02  7.9370952034e-02  3.5216212033e-01  4.3381167157e-01  -1.8390315063e-01  4.0082710539e-01  
3.8001400312e+00  1.0889147473e-04  1.5239282651e-05  -2.2578087268e-01  1.2402603149e-01  1.8842822380e-01  1.0489801633e-01  1.5967688949e-01  9.5741816240e-02  -1.2030398650e-01  1.3677760224e-01  -1.1007125960e-02  2.8891259600e-01  2.7788040232e-01  6.2960449145e-01  
3.8984943072e+00  7.3484498130e-05  1.3391504237e-05  -4.3328245434e-01  1.2359412791e-01  3.9543479750e-01  1.2812063425e-01  3.5111171220e-01  1.2970134633e-01  1.5979870800e-01  1.5015506915e-01  3.5146382897e-01  4.8323689089e-01  -2.7660055326e-01  6.5676207687e-01  
3.9933578523e+00  5.1811391217e-05  1.0011440743e-05  -4.0094687145e-01  1.5144275331e-01  2.4524022409e-01  1.6875928466e-01  1.8828714353e-01  1.3725943831e-01  5.9867147507e-02  1.7831760038e-01  2.2901330789e-01  4.1798960255e-01  4.5793647980e-01  9.7206459691e-01  
