#y  dN/dy  dN/dy_err  vn{2}(y)  vn{2}(y)_err
-4.8950171429e+00  1.5000000000e-04  5.9371710435e-05  2.4494897425e-01  4.8476798569e-02  -2.2428269579e-02  1.5638676381e-02  2.4494897425e-01  4.8476798569e-02  -1.0080305620e-02  2.0274383903e-02  2.4494897431e-01  4.8476798580e-02  -9.7855215480e-03  2.0523953513e-02  2.4494897427e-01  4.8476798572e-02  2.2413353660e-02  1.6814469260e-02  2.4494897428e-01  4.8476798575e-02  -2.8205393630e-02  1.6882229267e-02  2.4494897430e-01  4.8476798578e-02  2.4438046420e-02  1.9417066606e-02  
-4.6657619005e+00  1.4250000000e-03  1.7767596911e-04  5.8731841970e-01  3.9523967236e-02  8.4293938104e-02  3.7144592511e-02  5.8054863741e-01  3.9479587212e-02  -4.4308989937e-02  4.4485771606e-02  5.7887082777e-01  3.9289327067e-02  -1.3775526665e-02  4.2542275940e-02  5.7296068885e-01  3.9353501844e-02  5.0279599142e-02  3.5485701746e-02  5.7051211623e-01  4.0120072519e-02  3.9167631488e-02  4.2363656302e-02  5.6564178017e-01  4.0633624829e-02  1.5422401803e-02  4.1565047470e-02  
-4.3942225078e+00  1.4775000000e-02  7.6329466787e-04  4.9300028467e-01  2.6975815831e-02  -1.6654770324e-02  3.2796912177e-02  4.7444742060e-01  2.5500311000e-02  5.8540262522e-03  2.9727699427e-02  4.7092220273e-01  2.7257897497e-02  1.2303250837e-02  3.3887971903e-02  4.9128860645e-01  2.6628637890e-02  -6.8782778934e-03  3.3700888182e-02  4.8194135045e-01  2.5456168721e-02  5.8750702502e-03  3.2693430418e-02  4.8251058370e-01  2.8084268158e-02  8.1879851805e-03  3.3998859921e-02  
-4.1744064348e+00  1.1167500000e-01  2.7604472011e-03  1.6076616712e-01  7.8991060819e-03  -7.4890137778e-03  1.0423509711e-02  1.8144507020e-01  7.8979786555e-03  1.0281821679e-02  1.2966558088e-02  1.7622650003e-01  8.5451974226e-03  1.3730501678e-02  1.2459478583e-02  1.4993991144e-01  8.1626902561e-03  1.0996015996e-02  1.0531360051e-02  1.5933300845e-01  8.1376900393e-03  -4.4911681037e-03  1.0236393532e-02  1.4763187116e-01  7.9818803548e-03  -3.8207893121e-03  1.0387330436e-02  
-3.9747117066e+00  6.7885000000e-01  1.1151761072e-02  7.7167122189e-02  3.3816637830e-03  -7.6356872041e-03  5.3346746908e-03  8.3679708435e-02  4.3730576590e-03  -6.1321970619e-03  5.7352517131e-03  7.0180809871e-02  4.1010316019e-03  -4.4733534003e-03  5.0589603353e-03  6.4548697276e-02  4.1809329721e-03  3.3173067867e-03  4.2458298005e-03  6.6850342326e-02  3.0942763087e-03  7.8390393737e-03  5.1371370372e-03  6.9349358004e-02  3.2794385273e-03  1.7242841573e-03  4.4548816784e-03  
-3.7969719349e+00  1.2552000000e+00  2.0597198839e-02  5.6677916087e-02  2.7632890000e-03  -1.4902591146e-03  4.0822616138e-03  6.7344471763e-02  2.9663743551e-03  1.4240700469e-02  4.7774974282e-03  5.4656321996e-02  2.4223218477e-03  -2.0202406516e-03  3.7162676404e-03  5.0614077209e-02  2.6879377696e-03  -4.8613759780e-04  3.6130578730e-03  5.2336543615e-02  2.6642281560e-03  -8.9733595391e-04  3.6288449174e-03  4.8098533374e-02  2.6752393181e-03  3.4830798554e-03  3.1333051584e-03  
-3.5996507638e+00  1.3765000000e+00  2.1870385228e-02  6.0255775894e-02  3.2951320004e-03  -1.5553622062e-03  3.9898277949e-03  6.7182603104e-02  3.4643725555e-03  6.1816282217e-03  4.3246918879e-03  5.2959997424e-02  2.2118254293e-03  -1.5390763956e-03  4.0408207254e-03  4.6873614908e-02  2.4408418132e-03  1.3012004426e-03  3.3587964822e-03  5.1280822506e-02  2.5257196186e-03  1.9023188689e-03  3.7808301132e-03  4.9469938866e-02  2.6196958177e-03  8.7591460994e-04  3.4238022609e-03  
-3.4000897413e+00  1.3923500000e+00  2.1372933233e-02  5.9802068842e-02  2.7978822532e-03  -3.9322407882e-03  3.8375282360e-03  6.4327872077e-02  3.9250879868e-03  4.5938987735e-03  4.2180513601e-03  5.0213309792e-02  2.8468205236e-03  -3.1150679179e-03  3.8989115301e-03  4.9928354704e-02  2.6328938468e-03  -5.0821376213e-03  3.4866926868e-03  4.5692237676e-02  2.4668457668e-03  2.0431086966e-03  3.3432334251e-03  4.3459220714e-02  1.9960610490e-03  1.7783791227e-03  3.3780517047e-03  
-3.2003989891e+00  1.3695250000e+00  2.2210855876e-02  5.3461235620e-02  2.9154284284e-03  4.2667531877e-04  3.3105662257e-03  6.2888740876e-02  2.8564232548e-03  1.0875111210e-02  4.3554340720e-03  5.0909973253e-02  2.5363796719e-03  -1.2058315856e-02  3.3038314701e-03  4.4238477637e-02  1.8126033033e-03  -6.0243031971e-03  3.1996711128e-03  4.6843150015e-02  2.4420435985e-03  -6.0821928648e-04  3.5410149697e-03  5.0589444964e-02  2.4477810338e-03  1.4185061161e-03  3.2226668116e-03  
-3.0002622928e+00  1.3773500000e+00  2.2026739999e-02  5.6087691214e-02  2.8248670387e-03  -5.8962772838e-03  3.4530063391e-03  6.1096248982e-02  2.8491788497e-03  1.1361949206e-04  4.2812924416e-03  4.9194664284e-02  2.0986855843e-03  -7.0243088718e-03  3.6247427480e-03  4.6605474788e-02  2.3550697943e-03  -2.7637316675e-03  3.3128914458e-03  4.7889027571e-02  2.8663036388e-03  2.2897039737e-03  3.5027360908e-03  4.6699431189e-02  2.5200980896e-03  1.0309335853e-03  3.2010503304e-03  
-2.8007393984e+00  1.3672250000e+00  2.1989397871e-02  5.8710881304e-02  2.7854430137e-03  2.9443687441e-03  4.2657973268e-03  7.3640555343e-02  3.7106595083e-03  6.7327460592e-03  4.9473082495e-03  5.2843141840e-02  2.8073575642e-03  -1.0825039797e-02  3.6548991638e-03  4.6481933915e-02  2.2514974153e-03  1.3831846330e-03  3.2724023144e-03  4.7650047825e-02  2.2417281342e-03  4.8935228594e-03  3.2456874579e-03  5.0121546894e-02  2.3123242987e-03  -2.2289923411e-03  3.5903196880e-03  
-2.6002305946e+00  1.3714500000e+00  2.2093075273e-02  5.5755641492e-02  2.3036030104e-03  1.1829095253e-03  3.7006788250e-03  7.0389986526e-02  3.4877432976e-03  6.0909967236e-03  4.5474502503e-03  4.6300587344e-02  2.2505890597e-03  -7.0054399716e-03  3.2157562333e-03  4.7826306869e-02  2.1591951404e-03  -8.1259241675e-04  3.4838570332e-03  4.8149111160e-02  2.3285029748e-03  -3.0325645399e-03  3.3190257288e-03  4.9033491552e-02  2.5646127632e-03  3.5758634683e-03  3.0521904042e-03  
-2.4007723288e+00  1.3714750000e+00  2.1588888780e-02  5.4856745126e-02  2.4696142652e-03  -3.1398718300e-03  3.3416901548e-03  6.7949672334e-02  3.0331535663e-03  8.2000886949e-03  4.9129942763e-03  4.8393072927e-02  2.2843460630e-03  -4.9102192493e-03  3.4191120322e-03  4.8282810266e-02  2.2793195203e-03  -1.0244073119e-03  3.3843571838e-03  4.6172084452e-02  2.4229450444e-03  -8.7877482448e-04  3.1826374208e-03  4.6039350383e-02  2.0033224077e-03  -2.6853952545e-04  3.3740831476e-03  
-2.1995130991e+00  1.3761750000e+00  2.1319663899e-02  5.7049661557e-02  3.2462405992e-03  -2.3433601498e-03  3.9798599109e-03  6.6555177089e-02  2.9027480439e-03  7.0554843885e-03  4.4692492339e-03  5.1404955114e-02  2.8081583768e-03  -8.1955874118e-03  3.6529011084e-03  4.7964204116e-02  2.4889914635e-03  -2.3878880489e-03  3.5384225456e-03  4.8689577975e-02  2.4122696422e-03  -4.5600309776e-03  3.3810536848e-03  4.8204642522e-02  2.2094112021e-03  -3.9962732490e-03  3.4139578025e-03  
-2.0000378196e+00  1.3566000000e+00  2.1491583236e-02  5.6467795925e-02  2.4058387909e-03  1.3190963777e-03  3.6382829635e-03  6.3543747525e-02  3.2976341988e-03  5.8777729082e-03  4.3309346052e-03  5.0014354276e-02  2.8727772689e-03  9.0577659370e-04  3.8861743020e-03  4.6573029017e-02  2.3271345502e-03  1.1788529872e-03  3.2350870324e-03  4.5115285865e-02  2.1504641656e-03  1.1769460356e-03  3.1662787629e-03  4.0964214970e-02  2.1797424680e-03  9.3731445428e-04  2.9894225360e-03  
-1.8002921754e+00  1.3609250000e+00  2.1768172150e-02  5.7929291600e-02  2.7628436013e-03  -6.7064073712e-04  4.1497382727e-03  6.8811493413e-02  3.5993713728e-03  -4.7346627611e-04  4.7415401775e-03  4.3989681953e-02  2.1688789234e-03  -1.6895317424e-03  3.2377910879e-03  4.7705770980e-02  2.6182699358e-03  1.8779400638e-03  3.4293921243e-03  4.5697723332e-02  1.9137850850e-03  -5.9986399167e-03  3.4899513000e-03  4.6702003854e-02  2.7102198672e-03  2.5218121875e-03  3.2293730421e-03  
-1.5998994670e+00  1.3611500000e+00  2.2406930290e-02  5.8940757500e-02  2.7486773620e-03  9.7387672131e-03  3.8924917344e-03  6.9508103079e-02  3.7002248939e-03  1.2627914789e-02  4.8997662323e-03  4.6532720264e-02  2.2555742137e-03  -8.1939967542e-04  3.6011825238e-03  4.4844178811e-02  2.0234593583e-03  5.6707145334e-03  3.2683672815e-03  4.5607098994e-02  2.5282165247e-03  7.3369878570e-04  3.2306314044e-03  4.8679899231e-02  2.2891330881e-03  -4.3668032897e-03  3.2579487958e-03  
-1.4004585266e+00  1.3642750000e+00  2.2510117031e-02  5.3403828993e-02  2.1735416736e-03  2.2351010465e-03  3.5709396241e-03  6.6472034008e-02  3.1103727503e-03  2.4975781760e-03  4.6565362434e-03  5.1164290629e-02  2.9222481376e-03  -3.4022298667e-03  3.8487192117e-03  4.9316667538e-02  2.6073901614e-03  -1.6676379186e-04  3.4115123750e-03  4.6434133539e-02  2.3821169362e-03  -1.5067395439e-03  3.4493410959e-03  4.8197988623e-02  2.5962437365e-03  -3.8330023473e-03  3.4850959075e-03  
-1.2006106830e+00  1.3760000000e+00  2.2090212765e-02  5.6540189730e-02  2.7611853681e-03  1.1263652455e-03  3.8297244035e-03  6.9469789752e-02  3.6453915984e-03  4.7227983205e-03  4.8082338938e-03  4.4744061646e-02  2.0981381899e-03  -2.0953329667e-03  3.4003857281e-03  4.9663446016e-02  2.5232935264e-03  -6.5179272595e-03  3.5132149831e-03  4.9505422211e-02  2.0503290319e-03  -2.6369659975e-03  3.6466652626e-03  4.7978319364e-02  2.5052814198e-03  8.0278072330e-04  3.3524134009e-03  
-1.0002288793e+00  1.3664000000e+00  2.0937953577e-02  5.3267623743e-02  2.3774380500e-03  2.2863932110e-03  3.6976891575e-03  7.0765226002e-02  3.5221458481e-03  8.8389460818e-03  4.9458499866e-03  4.9941981914e-02  2.4463385396e-03  -2.9096707186e-03  3.3827114379e-03  4.0930458732e-02  2.2116376507e-03  7.1986666582e-03  2.9190853127e-03  4.4601700533e-02  2.3619421894e-03  7.9689891856e-04  3.3535385174e-03  5.3786205548e-02  2.6716311353e-03  2.8451103663e-03  4.2201063012e-03  
-8.0050503528e-01  1.3744500000e+00  2.1026934513e-02  5.6795458660e-02  2.7049428119e-03  -2.9699964106e-03  4.0834510388e-03  6.9246839110e-02  3.1761378516e-03  2.9929852904e-03  5.1120430555e-03  4.8990102967e-02  2.2685233667e-03  -3.7813845864e-03  3.5938449880e-03  4.3999381616e-02  2.4179313987e-03  1.9730331570e-03  3.2676821662e-03  5.1210983428e-02  2.1719121613e-03  5.7545889805e-03  3.5565187114e-03  4.8310501745e-02  2.5461684095e-03  -2.5172080517e-03  3.5115553549e-03  
-5.9999544703e-01  1.3722750000e+00  2.1963694333e-02  6.0697700681e-02  3.2891549838e-03  -4.3335259750e-03  4.2627502332e-03  6.9993190088e-02  3.6547278289e-03  8.9638772998e-03  4.9486370747e-03  5.0464052395e-02  2.4779676410e-03  -8.8130537916e-03  3.1115946872e-03  4.5282752255e-02  2.1528534523e-03  2.3470197392e-03  3.0639861982e-03  5.1894818886e-02  2.4709873070e-03  5.8562897395e-04  3.1571121254e-03  4.2249468578e-02  2.2787802802e-03  -7.4058297541e-03  2.9731876876e-03  
-4.0075075003e-01  1.3809750000e+00  2.1236904641e-02  5.0006645951e-02  2.3213762200e-03  4.6670528821e-03  3.8291234120e-03  6.5953782696e-02  3.1693436442e-03  8.3474517618e-03  4.5220478162e-03  5.3320828963e-02  2.2630620507e-03  -3.4121612635e-03  3.7228108794e-03  4.3490745881e-02  2.2648189673e-03  1.7368699586e-03  3.0750193503e-03  4.7472992988e-02  2.1273343331e-03  -4.2919856739e-03  3.3539999820e-03  4.4505345819e-02  2.0909924400e-03  1.4180273368e-04  3.0578784611e-03  
-2.0021468833e-01  1.3809750000e+00  2.2282557500e-02  5.1746664202e-02  2.5856595076e-03  7.1884374953e-04  3.4827819940e-03  6.7454622159e-02  3.9584967563e-03  6.5289528252e-03  4.6128246836e-03  4.9715971196e-02  2.6356450515e-03  1.6408145666e-03  3.5702830684e-03  4.9566129448e-02  2.5163284934e-03  -4.1058615044e-03  3.4123344101e-03  4.5736045373e-02  2.0738175395e-03  2.2756800109e-03  3.2403038617e-03  4.5252580763e-02  2.4978521344e-03  -2.2027868990e-03  3.4695771536e-03  
-3.9688954811e-04  1.3769750000e+00  2.2708294052e-02  5.6685100469e-02  3.0640013949e-03  -3.6414469366e-04  3.9983850207e-03  6.7980261133e-02  3.7406051066e-03  8.3617599932e-03  4.2473208722e-03  4.8207797883e-02  2.6078947429e-03  -2.3319068661e-03  3.5331286623e-03  4.5433735916e-02  2.2492091631e-03  -1.6769772760e-03  3.1130657227e-03  4.6030175599e-02  1.9396817958e-03  -1.1715810889e-03  3.2578700057e-03  4.5815298254e-02  2.5067048091e-03  -5.9642703647e-03  2.8203393333e-03  
1.9971790106e-01  1.3768500000e+00  2.2517510409e-02  4.9838575764e-02  2.9175734568e-03  5.8121802464e-03  3.4824418936e-03  6.5435449874e-02  3.3247366893e-03  5.6950143313e-03  4.5418985249e-03  5.0521023188e-02  2.9666186260e-03  3.6652319183e-03  3.6629813057e-03  4.5865945863e-02  2.2232751950e-03  9.7514729902e-04  3.2800456469e-03  4.4845470144e-02  2.6217884681e-03  3.3836746591e-03  3.2664250760e-03  4.5902276554e-02  2.1675763143e-03  1.1144777733e-03  3.4518251578e-03  
4.0020490271e-01  1.3660250000e+00  2.1220600103e-02  5.7158443592e-02  2.8219152674e-03  -6.0628650038e-03  3.9955870339e-03  6.9927446625e-02  3.1897376992e-03  5.9464640835e-03  4.8293121374e-03  5.2491556568e-02  3.2545112482e-03  -7.7524809477e-03  3.7928202586e-03  4.9403210580e-02  2.2523211352e-03  -4.5038505908e-03  3.2957132357e-03  4.9201517169e-02  2.7044861864e-03  4.9322692680e-03  3.2717422556e-03  3.7724808685e-02  1.8093293637e-03  -5.9693453250e-04  2.4530754342e-03  
5.9975334935e-01  1.3799500000e+00  2.2985402433e-02  5.3873209962e-02  2.3850905034e-03  -1.8566108474e-03  3.6635504657e-03  6.6660224796e-02  3.8279903730e-03  8.0619977191e-03  4.1006603639e-03  4.8682484396e-02  2.3587779783e-03  -4.0662454801e-03  3.3140896571e-03  4.4337232389e-02  2.2036481873e-03  -4.4122238055e-04  3.0774266694e-03  4.8914212915e-02  2.2429412315e-03  1.9534611826e-03  3.6049524972e-03  4.5946208079e-02  1.8472036981e-03  -1.5984456559e-03  3.2863892820e-03  
8.0010520148e-01  1.3732000000e+00  2.1348597144e-02  5.3758544454e-02  2.3113576861e-03  -2.8402447607e-04  3.7108815880e-03  6.8636046687e-02  3.2937696485e-03  7.8311200283e-03  5.0156913311e-03  5.1666162925e-02  2.5474036833e-03  -6.3386219976e-03  3.6515770975e-03  4.9110700039e-02  2.3225149054e-03  7.4061056685e-04  3.4315760448e-03  4.5490049422e-02  3.4093931417e-03  -2.0931198074e-03  3.1644425161e-03  4.9519059426e-02  2.4575536314e-03  2.4675827734e-03  3.4719931944e-03  
9.9970107338e-01  1.3752750000e+00  2.2388749826e-02  5.3291567353e-02  3.1987364440e-03  -2.9869249656e-03  3.5036692544e-03  7.2774041969e-02  3.6109618245e-03  5.5206099921e-03  4.9357441367e-03  5.1168186671e-02  2.4048868205e-03  1.4529805080e-03  3.5652996473e-03  4.8179763341e-02  2.2827328350e-03  -1.5914454828e-03  3.3914387596e-03  4.3141471227e-02  2.0759838467e-03  2.9832676078e-03  3.2205841874e-03  4.7892278708e-02  2.7718260730e-03  -2.1508150912e-04  3.4123706906e-03  
1.1999858639e+00  1.3726500000e+00  2.2946182144e-02  5.5158613337e-02  2.9268989881e-03  2.5786058422e-03  4.0663634432e-03  6.9065344829e-02  3.9290738031e-03  8.0579256683e-03  4.7792159164e-03  5.2552909256e-02  2.4035578646e-03  -1.9070164579e-03  3.5804332765e-03  4.6728137368e-02  2.3626511692e-03  -4.2351459532e-03  3.2107952582e-03  4.6521193209e-02  2.3661760939e-03  -1.3261319265e-04  3.2629228881e-03  4.4864071836e-02  2.2978977817e-03  -2.2040379899e-03  3.0051291848e-03  
1.4002094887e+00  1.3714000000e+00  2.0344665148e-02  5.8499722826e-02  2.4594627070e-03  -7.0308732616e-03  3.9298004847e-03  6.7512025799e-02  3.1043740114e-03  7.7109881885e-03  4.0879453346e-03  5.0983819259e-02  2.5233144078e-03  -5.3611312570e-03  3.8524186168e-03  4.3391088964e-02  2.1557432569e-03  8.8025693563e-04  3.1510621772e-03  4.5818278367e-02  2.1430849418e-03  3.1057351759e-03  3.2947503424e-03  4.8181145250e-02  2.3933296070e-03  -3.3165443636e-03  3.3355043935e-03  
1.5997352377e+00  1.3602000000e+00  2.1695871727e-02  5.2253202973e-02  2.6539683222e-03  -8.2509686123e-03  3.3456553257e-03  6.8480470930e-02  3.5226719991e-03  8.6721960068e-03  4.7869141484e-03  5.3253295880e-02  2.8299305331e-03  9.2550940242e-04  3.6152420172e-03  4.8608797762e-02  2.1162208124e-03  -3.2063254105e-03  3.2691084853e-03  5.3234812584e-02  2.7022823733e-03  -1.0896621466e-03  3.9818999061e-03  4.7022529524e-02  2.3393915610e-03  -7.5690659399e-04  3.3935139851e-03  
1.7994592813e+00  1.3744250000e+00  2.2216515675e-02  5.6492707832e-02  2.7102260941e-03  -8.0637482179e-03  4.1126261886e-03  6.9178736160e-02  3.1517697609e-03  2.7187742340e-03  4.6962075712e-03  4.7428652230e-02  2.7930876808e-03  -7.3933843850e-03  3.5197663198e-03  4.7154834877e-02  1.9443735499e-03  5.3337563167e-04  3.1688582932e-03  4.9112189868e-02  2.0967819189e-03  -2.8889434604e-03  3.4790120122e-03  4.2966723388e-02  2.7194095040e-03  -1.9923298971e-03  3.1513479164e-03  
1.9997324307e+00  1.3707750000e+00  2.1719912954e-02  5.6341960982e-02  2.8356610444e-03  2.1707650426e-03  3.7991455648e-03  7.4377888992e-02  4.3284544581e-03  9.9522550526e-03  5.1697706708e-03  5.0170542998e-02  2.2615086775e-03  -4.8230283261e-03  3.4182719158e-03  4.6744586800e-02  2.6801716402e-03  -4.2602022462e-04  3.1238199252e-03  4.1485276150e-02  1.8208659182e-03  -5.2886214678e-03  3.1870415990e-03  4.5074327908e-02  3.0338748114e-03  -5.9640306654e-03  3.0660804276e-03  
2.1995326388e+00  1.3590500000e+00  2.2093771181e-02  5.4615877788e-02  2.5984855963e-03  3.1509668599e-03  3.7540050539e-03  7.1200360085e-02  3.6923060146e-03  8.5912235091e-03  4.6729935449e-03  5.2958830807e-02  2.4902339981e-03  -6.2507465601e-03  4.0171869025e-03  4.2574736308e-02  1.9534604318e-03  -5.9136262938e-03  2.8433016066e-03  4.5622692115e-02  2.5014156741e-03  -1.4573268611e-04  3.1924038889e-03  4.7662718234e-02  2.6883847106e-03  1.5126927737e-03  3.1395392843e-03  
2.3999856830e+00  1.3683750000e+00  2.1300568508e-02  5.4442495325e-02  2.8622263826e-03  1.2229166858e-04  3.6454737608e-03  6.8501732146e-02  3.1524875297e-03  1.1859392341e-02  4.4702973271e-03  4.7659269998e-02  2.3367927677e-03  -6.2769318146e-03  3.4538397975e-03  4.9048142241e-02  2.7061894321e-03  1.1561936990e-03  3.4821191957e-03  4.5161797839e-02  2.6892747186e-03  -4.6130000275e-03  2.9535407304e-03  4.6315250387e-02  2.0946398590e-03  1.5604352659e-03  3.3133968018e-03  
2.5998424208e+00  1.3611250000e+00  2.1228971213e-02  5.6163255403e-02  2.8502353371e-03  -7.6575911837e-03  3.9819488690e-03  6.6466633598e-02  3.1660195183e-03  1.0361672573e-02  4.4941694704e-03  4.5736807895e-02  2.2604881555e-03  -8.0773751786e-04  3.1618452410e-03  4.7175487209e-02  2.2011575288e-03  -1.3224305688e-03  3.1717261235e-03  4.9048891522e-02  2.6317706079e-03  5.6376933459e-03  3.3223828700e-03  4.7953359812e-02  2.4208040059e-03  -3.2757729807e-03  3.4245334755e-03  
2.7999299544e+00  1.3596750000e+00  2.2655729270e-02  4.9286039296e-02  2.7592732325e-03  -2.0583080848e-03  3.3843164869e-03  6.8138213410e-02  2.8857834537e-03  9.2464130925e-03  4.8389140890e-03  5.4092127783e-02  2.6938133735e-03  -4.0600621639e-03  4.1825101369e-03  4.6196907777e-02  2.0825134072e-03  1.0274654475e-03  3.2468662785e-03  4.2389354593e-02  2.2862655153e-03  6.7652297783e-03  2.7200290763e-03  4.6834215518e-02  2.3137799402e-03  -4.3468356003e-03  3.2820555755e-03  
2.9997857404e+00  1.3694750000e+00  2.1995689777e-02  5.8026825154e-02  2.9023291123e-03  -4.2991615456e-03  3.6482078820e-03  6.7551775572e-02  3.6014656629e-03  4.8122499235e-03  4.6841898266e-03  5.0175812891e-02  2.4689583989e-03  4.0970935583e-03  3.6863121205e-03  4.6107931966e-02  2.5234412472e-03  1.1490324122e-03  3.0896927550e-03  4.4163590614e-02  2.5027954382e-03  -2.7192442045e-03  3.1524893275e-03  4.7797903504e-02  2.3629395946e-03  -9.5287382036e-04  3.3621091941e-03  
3.2003326702e+00  1.3772250000e+00  2.2438858455e-02  5.1933772310e-02  3.0837341168e-03  -5.2373849675e-03  3.4208577864e-03  7.0468772480e-02  3.5377013022e-03  8.8793297780e-03  4.8863086878e-03  4.9712908979e-02  2.4069188235e-03  -4.4457505567e-03  3.5226403077e-03  4.4510048589e-02  2.6626189210e-03  -3.4427486854e-03  2.9149792408e-03  4.8902764342e-02  2.2866691512e-03  -3.6434570457e-03  3.3914549010e-03  4.7721444232e-02  2.3909441647e-03  -3.3046372455e-03  3.4373033488e-03  
3.3997242871e+00  1.3923750000e+00  2.2296114432e-02  5.7316582565e-02  2.7501045269e-03  3.4979948031e-03  3.9036636512e-03  7.1535042200e-02  3.5511964037e-03  1.5597305624e-03  5.0902480960e-03  4.8858305344e-02  2.7445418470e-03  -1.0830959844e-03  3.2590474721e-03  4.2804340540e-02  2.4410381499e-03  2.3467006566e-04  2.6964773031e-03  4.5392824722e-02  1.9324367323e-03  3.6610130923e-03  3.0186419017e-03  4.5498621477e-02  2.0441635583e-03  -2.0346896758e-03  3.0121835530e-03  
3.5991947592e+00  1.3669000000e+00  2.1269553357e-02  5.5796559574e-02  2.9027211760e-03  1.7787272997e-03  3.7697086614e-03  7.0883476305e-02  3.8829731183e-03  5.8911860086e-03  4.8082677000e-03  4.9215115536e-02  2.7222642362e-03  2.8403229134e-04  3.3043860379e-03  4.4661703356e-02  2.0135155022e-03  5.3611680471e-03  3.2964496047e-03  4.6959924711e-02  2.2106739602e-03  2.0151068929e-03  3.1052783579e-03  4.6455343911e-02  2.2711429549e-03  2.4360805315e-03  3.4078179785e-03  
3.7969226273e+00  1.2484000000e+00  2.0004109578e-02  5.2357328227e-02  2.9944832224e-03  2.1400948733e-03  3.5084450766e-03  6.8003873188e-02  3.3453345609e-03  6.8618589202e-03  5.2955688624e-03  5.4425910928e-02  2.7812670336e-03  -5.9770084392e-03  3.5614031022e-03  4.9994380310e-02  2.3605952265e-03  -1.2075274335e-03  3.2930799305e-03  5.1724180511e-02  2.2483109619e-03  -5.2797950737e-03  3.4963701118e-03  4.6972571795e-02  2.2472986497e-03  -3.4933985369e-03  3.0858447316e-03  
3.9740627092e+00  6.7695000000e-01  1.1937785599e-02  7.0781710473e-02  4.1259260709e-03  -2.1166742953e-03  4.5665530334e-03  8.7345613466e-02  3.7541347484e-03  6.6631113271e-03  6.3485126139e-03  6.6628564135e-02  3.6714848757e-03  7.5147764040e-04  4.8300341191e-03  6.4601717224e-02  3.4164416597e-03  -6.2993262543e-04  4.5701058765e-03  6.2307816774e-02  2.6443152024e-03  -5.6276292383e-03  4.5397039469e-03  6.8351001644e-02  2.8939273587e-03  -5.0166996548e-03  4.7110075111e-03  
4.1670892693e+00  1.1052500000e-01  2.3295104099e-03  1.5659310683e-01  8.9845764360e-03  2.2363157278e-02  1.1017568804e-02  1.5755276635e-01  7.6638010725e-03  2.8051832868e-03  1.1721592195e-02  1.6101995699e-01  7.4804418044e-03  -1.7540949086e-02  1.0659182239e-02  1.5018308746e-01  7.4592873337e-03  1.8032286269e-02  1.0652814083e-02  1.5935565749e-01  7.9899295966e-03  4.9569533146e-03  1.0706785177e-02  1.7072187757e-01  8.0841517400e-03  -6.2078202133e-03  1.2261256852e-02  
4.3540982321e+00  1.5125000000e-02  5.6940209870e-04  4.7795923021e-01  2.3803778187e-02  -9.6333253944e-03  3.3481007325e-02  4.3619906314e-01  2.4732066093e-02  3.3896184529e-02  3.0750730207e-02  4.6565626443e-01  2.5218597574e-02  -6.3891915335e-02  3.2676251901e-02  4.7801184814e-01  2.4355487724e-02  5.9039106218e-02  3.4901947115e-02  4.7001113379e-01  2.2954423468e-02  -2.0787277920e-02  3.5841530187e-02  4.7005753394e-01  2.4301608146e-02  7.3764945180e-03  3.3883471365e-02  
4.5092331167e+00  1.2250000000e-03  1.8872930350e-04  5.3898174795e-01  4.0764678118e-02  3.3908524959e-02  3.8152167368e-02  5.3734408568e-01  4.1039121084e-02  -5.4753445500e-03  3.9391869947e-02  5.1463321208e-01  4.1783220790e-02  4.5460291640e-03  4.1270773954e-02  5.4340098542e-01  4.0424028023e-02  8.8582127000e-03  3.5307817583e-02  5.5363727269e-01  4.0559566623e-02  1.3931837135e-02  4.0620690399e-02  5.4107690037e-01  4.0858705623e-02  7.9449960791e-02  3.9564628262e-02  
4.7009578184e+00  1.0000000000e-04  4.8989794856e-05  1.7320508073e-01  4.9244289002e-02  -2.4547779940e-02  1.4626347021e-02  1.7320508078e-01  4.9244289016e-02  1.3991192450e-02  1.5022073240e-02  1.7320508078e-01  4.9244289016e-02  -9.4843417200e-03  1.6897555897e-02  1.7320508077e-01  4.9244289012e-02  1.5524043810e-02  1.3730039664e-02  1.7320508077e-01  4.9244289012e-02  -2.5109405430e-02  1.4416599277e-02  1.7320508075e-01  4.9244289006e-02  2.7285384510e-02  1.5538380262e-02  
4.9000000000e+00  0.0000000000e+00  0.0000000000e+00  0.0000000000e+00  0.0000000000e+00  0.0000000000e+00  0.0000000000e+00  0.0000000000e+00  0.0000000000e+00  0.0000000000e+00  0.0000000000e+00  0.0000000000e+00  0.0000000000e+00  0.0000000000e+00  0.0000000000e+00  0.0000000000e+00  0.0000000000e+00  0.0000000000e+00  0.0000000000e+00  0.0000000000e+00  0.0000000000e+00  0.0000000000e+00  0.0000000000e+00  0.0000000000e+00  0.0000000000e+00  0.0000000000e+00  0.0000000000e+00  
