#pT  dN/(2pi dy pT dpT)  dN/(2pi dy pT dpT)_err  vn{SP}  vn{SP}_err
1.1108676685e-01  1.1676573394e-02  9.3211417888e-04  -5.7318535892e-03  2.5500968300e-02  7.2819805275e-03  4.9400537771e-02  4.3130227466e-02  3.3565704618e-02  -5.2764702102e-04  1.1169354147e-02  nan  nan  -5.7353378819e-03  8.2092130334e-03  
2.0132033918e-01  1.3399919236e-02  8.7121785562e-04  1.3046229911e-02  1.5327396117e-02  2.8841705809e-02  4.1294531066e-02  -2.3049319449e-03  1.6266695805e-02  6.1740115532e-03  7.7505022830e-03  nan  nan  -3.1360244660e-03  4.5424253827e-03  
3.0048746276e-01  1.2420429729e-02  6.2747454960e-04  1.9532488831e-02  1.4303944975e-02  -4.4565762225e-02  3.3693686970e-02  7.3904391932e-03  1.5837726328e-02  -5.8906526426e-03  7.2868263964e-03  nan  nan  -4.9590549698e-03  5.0009694828e-03  
4.0380922898e-01  1.1705779538e-02  4.9213117471e-04  5.3318778855e-03  1.3285167355e-02  1.7072084526e-02  2.7656393316e-02  -2.9285306748e-02  1.8287754262e-02  -4.6372793418e-03  6.5610661668e-03  nan  nan  3.5357397782e-03  3.7656412333e-03  
5.0346849847e-01  1.1727940100e-02  5.2857746862e-04  -6.2827777402e-03  1.0338480156e-02  2.4379188254e-02  2.4083919270e-02  -1.0428635339e-02  1.3033866785e-02  1.0727857196e-02  8.5240935005e-03  nan  nan  -9.8085845647e-04  3.0640106633e-03  
5.9983625155e-01  1.1568416388e-02  4.7206491282e-04  1.0719202808e-02  9.4707214731e-03  -8.4773088744e-03  2.3624339977e-02  8.0429164153e-03  1.1655214721e-02  5.0421771307e-03  5.8828723882e-03  nan  nan  8.0148078386e-04  3.4103118089e-03  
7.0070601564e-01  1.1050123456e-02  3.8137568961e-04  1.1192035952e-02  1.0542764415e-02  1.1915025909e-02  2.1585250524e-02  -1.1853702388e-02  1.2893499705e-02  1.1924766241e-03  5.5731904302e-03  nan  nan  8.6399969574e-04  2.9756046563e-03  
8.0057277794e-01  1.0775032771e-02  3.8771868652e-04  2.4472577566e-02  1.1376916473e-02  -1.6705196986e-02  1.9606489352e-02  2.1930224637e-02  1.1899482437e-02  6.9441409141e-03  6.5586090960e-03  nan  nan  -2.2469125607e-03  2.7360620292e-03  
9.0134760274e-01  1.0135372529e-02  3.6752940980e-04  1.7655863527e-02  9.8183209739e-03  1.2662384199e-02  2.2316114164e-02  -6.1346622830e-04  1.0672685452e-02  -7.2792518168e-03  5.9132687827e-03  nan  nan  9.8788311642e-04  2.5455659847e-03  
1.0016809752e+00  9.6286041021e-03  3.0712656823e-04  3.2269443856e-02  1.2881351099e-02  3.3756376903e-02  2.0768384015e-02  -1.0654358216e-02  9.0506674842e-03  5.8750317680e-03  4.7346401663e-03  nan  nan  2.2522667758e-04  2.5292283328e-03  
1.1003678753e+00  8.8084505664e-03  2.9329421780e-04  2.3714811335e-02  1.0644630281e-02  2.0773754680e-02  1.8467239304e-02  -9.5350546450e-03  9.4853801389e-03  4.8257465588e-03  5.0882670524e-03  nan  nan  -8.9931739950e-04  2.3374732093e-03  
1.1999308830e+00  8.2367427219e-03  2.6497159673e-04  2.1131616571e-02  1.1568499700e-02  5.5036256746e-02  2.2638784972e-02  -2.4528876730e-02  1.2310216456e-02  1.6001084898e-03  4.7231237580e-03  nan  nan  -1.0844233708e-03  2.5144467233e-03  
1.2997014778e+00  7.8554881783e-03  2.4735530893e-04  9.4876738137e-03  8.8744081412e-03  6.2198192184e-02  2.3874630430e-02  1.9372767366e-02  1.2812705602e-02  4.1416829052e-03  4.9608806890e-03  nan  nan  4.8868990566e-03  4.1985761358e-03  
1.4010038682e+00  6.9353193764e-03  2.1781942416e-04  9.4433607390e-03  8.9719147545e-03  5.5749448965e-02  2.3057446701e-02  2.0239675656e-02  1.0697197899e-02  2.8433839056e-03  3.6548379373e-03  nan  nan  8.8806325783e-04  2.3029517332e-03  
1.4986264966e+00  6.1543212862e-03  2.1465845672e-04  2.1523331954e-02  1.1393821884e-02  6.5742933493e-02  1.9997334639e-02  1.6736175391e-02  1.1749582840e-02  1.3607682630e-02  8.7877114509e-03  nan  nan  1.1147788507e-03  2.5305334954e-03  
1.5996205276e+00  5.6463660368e-03  2.2039699072e-04  3.1692118278e-02  1.3658264539e-02  5.5695193206e-02  2.1274071764e-02  -2.0969450083e-03  1.1626652877e-02  3.4042394959e-03  4.7519569163e-03  nan  nan  -9.5129222874e-04  2.3735909103e-03  
1.6983250232e+00  4.7278152130e-03  1.8708517204e-04  2.4890201634e-02  1.4596027063e-02  1.0736349448e-01  3.1335418665e-02  -3.5398019561e-03  1.0969286187e-02  1.0070598340e-02  7.1028980693e-03  nan  nan  -7.5206227515e-04  3.0860756224e-03  
1.7972108803e+00  4.3924089617e-03  1.4694531583e-04  1.3707106961e-02  1.0323512983e-02  1.0366278242e-01  2.6187434256e-02  1.3194131655e-02  1.0708245293e-02  1.4924094046e-05  4.7447390363e-03  nan  nan  -1.2173246574e-04  3.0398448481e-03  
1.8994219343e+00  3.9884636245e-03  1.3646402997e-04  1.3750268744e-02  1.0264272105e-02  1.0888274986e-01  3.0098138785e-02  1.8155510882e-02  1.3574281902e-02  8.1088907602e-03  6.0532374534e-03  nan  nan  -8.6169092854e-04  2.5143693905e-03  
2.0008539217e+00  3.0465164167e-03  1.3024505843e-04  4.8089447585e-03  9.4614592334e-03  1.0445472048e-01  2.8195822760e-02  2.9541289980e-02  1.7432877988e-02  4.5522779087e-03  5.6471914398e-03  nan  nan  4.1820454359e-03  4.5073810747e-03  
2.0983639909e+00  2.7835906638e-03  1.1874622770e-04  4.7133988608e-03  1.1498417172e-02  9.0341056110e-02  3.0623861573e-02  1.9483507093e-02  1.5893306821e-02  4.5287042302e-03  6.6766502399e-03  nan  nan  1.2696098847e-03  2.9051143063e-03  
2.2006830195e+00  2.4191275162e-03  1.1702721097e-04  -1.1636632189e-02  1.4390672471e-02  1.1040284194e-01  3.9803048628e-02  3.9849079627e-02  1.8570257497e-02  9.9280306917e-03  7.7965438055e-03  nan  nan  -3.8070674541e-03  4.1690551469e-03  
2.2999421835e+00  1.8995273966e-03  9.3290503233e-05  -1.7774980108e-02  1.6806387310e-02  8.9699241485e-02  3.1805277179e-02  3.7940940010e-02  1.9900652038e-02  2.6040605897e-03  6.4552684947e-03  nan  nan  -1.4039706019e-03  3.8949931820e-03  
2.3985288683e+00  1.7451426411e-03  8.6213299601e-05  5.2278283521e-04  1.6240867834e-02  1.4120460245e-01  3.5966389637e-02  4.7587079474e-02  2.4070451218e-02  -2.2465274765e-03  7.3988525705e-03  nan  nan  -5.9793170836e-04  4.2304111876e-03  
2.5005649642e+00  1.4384356195e-03  7.5775394131e-05  -3.9141421587e-02  1.8278384561e-02  1.3007068893e-01  3.9555699122e-02  3.8179065554e-02  2.2036996662e-02  5.3362496155e-03  7.1070244732e-03  nan  nan  3.6489231959e-03  4.3876299512e-03  
2.5975415836e+00  1.1886646645e-03  7.5946851099e-05  -3.0880805937e-02  2.0649669229e-02  1.3534366645e-01  4.2364445985e-02  4.9029824723e-02  2.5322567210e-02  -3.6148066199e-03  8.3625158702e-03  nan  nan  3.7237646256e-03  4.7670224296e-03  
2.6986191542e+00  9.6131592629e-04  6.8729693552e-05  -5.8409665260e-02  2.3971687857e-02  1.7035942874e-01  4.6055067584e-02  5.2070490092e-02  3.0276155043e-02  -4.9314058698e-03  9.0130645448e-03  nan  nan  9.7992431101e-04  3.9658627161e-03  
2.7970685377e+00  7.4824319595e-04  5.8257874779e-05  -7.7160273290e-02  2.9127889996e-02  6.0482610080e-02  4.7155851539e-02  7.6383683373e-02  3.2438878230e-02  -2.6888273327e-03  9.1387651266e-03  nan  nan  -4.3546631640e-03  5.5317609291e-03  
2.8990205077e+00  6.3408988938e-04  5.6880684172e-05  -1.6687802772e-02  1.7223359529e-02  1.4890379607e-01  7.1399106974e-02  7.2751632928e-02  3.3072750439e-02  1.3346678329e-03  9.5402181032e-03  nan  nan  1.1127556094e-02  9.5056936796e-03  
2.9990205117e+00  5.5987768115e-04  4.9055801527e-05  -5.2969612175e-02  2.4985672981e-02  9.4572494798e-02  5.6025030231e-02  4.6742446958e-02  3.0382168600e-02  1.4381147676e-02  1.2127645249e-02  nan  nan  -1.9371909215e-03  5.0997054702e-03  
3.1001023115e+00  3.7733878251e-04  3.5467326108e-05  -8.6034344853e-02  3.2376571892e-02  1.3142006826e-01  4.8617171723e-02  3.4550882297e-02  3.2276420556e-02  1.4284034452e-03  1.2256157350e-02  nan  nan  -5.4760363847e-03  7.5558874265e-03  
3.1954494735e+00  2.6148542110e-04  2.9334228932e-05  2.8484607970e-02  2.9730073913e-02  1.7014947958e-01  8.4040473141e-02  2.9901727885e-02  2.6900383272e-02  -3.5544328572e-03  1.0858291772e-02  nan  nan  7.2826690386e-05  9.0754892099e-03  
3.3011165639e+00  2.7722163252e-04  2.7139588615e-05  -4.1337855885e-02  3.6380689927e-02  1.4060959258e-01  6.9150985295e-02  6.8999533381e-02  3.9217653978e-02  1.0332318422e-02  1.4374999527e-02  nan  nan  -4.2342827075e-04  6.3699378835e-03  
3.4031663752e+00  1.9174356905e-04  2.4160795938e-05  -1.6658550605e-02  3.0005994264e-02  1.7525557250e-01  6.6625516631e-02  8.5015965007e-02  5.1509246808e-02  2.1394655345e-02  1.9482029292e-02  nan  nan  -1.3074635225e-02  1.4420765483e-02  
3.4948909316e+00  1.3889491427e-04  1.9559388103e-05  -6.0829445456e-02  4.4105647908e-02  2.8533878763e-01  9.7794008281e-02  1.0707209311e-01  6.2478097416e-02  -9.8987938146e-03  1.8725629341e-02  nan  nan  1.8372176706e-03  8.8658454101e-03  
3.5989717531e+00  1.0613360972e-04  1.6392117558e-05  4.1287741288e-02  4.6103622274e-02  1.1765128171e-01  7.4662152435e-02  -1.5450430200e-02  5.7836895324e-02  -9.3997677156e-04  1.6259413836e-02  nan  nan  4.6145270534e-03  1.1145606466e-02  
3.6743406890e+00  6.2807095769e-05  1.2363826277e-05  6.7554665079e-03  5.8368218519e-02  2.8297642592e-01  9.8326818049e-02  1.1198817146e-01  7.9710827413e-02  -3.6668116924e-02  3.1934499882e-02  nan  nan  7.4521344621e-03  1.6227325074e-02  
3.8024426855e+00  2.3020785826e-05  6.5481528016e-06  -6.5611295409e-02  1.0584204586e-01  9.5477505646e-02  2.5049300042e-01  -2.8623060762e-02  9.8678889674e-02  -4.7094337366e-03  4.3055129333e-02  nan  nan  -5.6829538493e-03  2.7582504358e-02  
3.9205301850e+00  4.0595260161e-06  2.8416682113e-06  4.6750393597e-01  6.0483221138e-01  -2.9185356246e-01  5.3936220207e-01  -3.1955756905e-01  2.7473627272e-01  8.7164469924e-02  8.9611951107e-02  nan  nan  -2.4121792605e-02  7.7788668420e-02  
3.9814993640e+00  9.9934050296e-06  4.3560242626e-06  4.7869244860e-02  5.4468031445e-02  -3.5836251859e-01  3.0493405401e-01  1.0887408164e-02  8.8217904482e-02  -1.9494055303e-02  3.5336541509e-02  nan  nan  3.3030386113e-02  5.1485731252e-02  
