 1.000000e-01 3.040694e+01 3.740441e-02
  3.000000e-01 7.733735e+01 5.965256e-02
  5.000000e-01 9.926295e+01 6.758184e-02
  7.000000e-01 8.803236e+01 6.364398e-02
  9.000000e-01 6.796662e+01 5.592189e-02
  1.100000e+00 4.835529e+01 4.716917e-02
  1.300000e+00 3.264999e+01 3.875941e-02
  1.500000e+00 2.129061e+01 3.129899e-02
  1.700000e+00 1.357148e+01 2.498908e-02
  1.900000e+00 8.526042e+00 1.980660e-02
  2.100000e+00 5.330774e+00 1.566158e-02
  2.300000e+00 3.326278e+00 1.237162e-02
  2.500000e+00 2.139198e+00 9.921366e-03
  2.700000e+00 1.369484e+00 7.938163e-03
  2.900000e+00 9.012153e-01 6.439528e-03
  3.100000e+00 6.035107e-01 5.269647e-03
  3.300000e+00 4.141183e-01 4.365167e-03
  3.500000e+00 2.991302e-01 3.709936e-03
  3.700000e+00 2.163059e-01 3.154787e-03
  3.900000e+00 1.622866e-01 2.732615e-03
  4.100000e+00 1.281447e-01 2.428207e-03
  4.300000e+00 1.007211e-01 2.152769e-03
  4.500000e+00 7.633427e-02 1.874119e-03
  4.700000e+00 6.248472e-02 1.695600e-03
  4.900000e+00 5.300607e-02 1.561700e-03
  5.100000e+00 4.412595e-02 1.424897e-03
  5.300000e+00 3.174845e-02 1.208644e-03
  5.500000e+00 2.976999e-02 1.170377e-03
  5.700000e+00 2.365022e-02 1.043164e-03
  5.900000e+00 2.070532e-02 9.760615e-04
  6.100000e+00 1.463197e-02 8.205189e-04
  6.300000e+00 1.366564e-02 7.929597e-04
  6.500000e+00 1.384976e-02 7.982870e-04
  6.700000e+00 1.016868e-02 6.840206e-04
  6.900000e+00 9.202457e-03 6.507092e-04
  7.100000e+00 7.960118e-03 6.051962e-04
  7.300000e+00 6.625770e-03 5.521451e-04
  7.500000e+00 5.015310e-03 4.803796e-04
  7.700000e+00 5.613450e-03 5.082179e-04
  7.900000e+00 4.693223e-03 4.646984e-04
  8.100000e+00 4.417184e-03 4.508289e-04
  8.300000e+00 3.082812e-03 3.766254e-04
  8.500000e+00 3.128821e-03 3.794252e-04
  8.700000e+00 1.564420e-03 2.682958e-04
  8.900000e+00 2.116517e-03 3.120634e-04
  9.100000e+00 2.254597e-03 3.220853e-04
  9.300000e+00 2.024533e-03 3.052098e-04
  9.500000e+00 1.932493e-03 2.981901e-04
  9.700000e+00 1.104308e-03 2.254158e-04
  9.900000e+00 1.380338e-03 2.520142e-04
  1.010000e+01 1.472381e-03 2.602826e-04
  1.030000e+01 1.196300e-03 2.346137e-04
  1.050000e+01 1.012266e-03 2.158158e-04
  1.070000e+01 1.196325e-03 2.346185e-04
  1.090000e+01 5.521570e-04 1.593940e-04
  1.110000e+01 6.902004e-04 1.782090e-04
  1.130000e+01 7.822100e-04 1.897138e-04
  1.150000e+01 4.141238e-04 1.380412e-04
  1.170000e+01 3.220874e-04 1.217376e-04
  1.190000e+01 5.061343e-04 1.526052e-04
  1.210000e+01 4.141201e-04 1.380400e-04
  1.230000e+01 3.681001e-04 1.301430e-04
  1.250000e+01 3.220856e-04 1.217369e-04
  1.270000e+01 2.300659e-04 1.028886e-04
  1.290000e+01 2.300447e-04 1.028791e-04
  1.310000e+01 2.300677e-04 1.028894e-04
  1.330000e+01 2.300521e-04 1.028824e-04
  1.350000e+01 3.220810e-04 1.217352e-04
  1.370000e+01 2.300622e-04 1.028869e-04
  1.390000e+01 2.760666e-04 1.127037e-04
