 1.000000e-01 9.116957e+02 2.048122e-01
  3.000000e-01 1.149501e+03 2.299793e-01
  5.000000e-01 7.777352e+02 1.891686e-01
  7.000000e-01 4.803354e+02 1.486646e-01
  9.000000e-01 2.850882e+02 1.145311e-01
  1.100000e+00 1.660900e+02 8.742090e-02
  1.300000e+00 9.624805e+01 6.654734e-02
  1.500000e+00 5.571018e+01 5.062955e-02
  1.700000e+00 3.225838e+01 3.852624e-02
  1.900000e+00 1.885074e+01 2.945105e-02
  2.100000e+00 1.120011e+01 2.270118e-02
  2.300000e+00 6.694502e+00 1.755078e-02
  2.500000e+00 4.104329e+00 1.374250e-02
  2.700000e+00 2.593372e+00 1.092396e-02
  2.900000e+00 1.682867e+00 8.799669e-03
  3.100000e+00 1.112964e+00 7.156187e-03
  3.300000e+00 7.797411e-01 5.989824e-03
  3.500000e+00 5.552414e-01 5.054525e-03
  3.700000e+00 4.017395e-01 4.299412e-03
  3.900000e+00 3.098051e-01 3.775570e-03
  4.100000e+00 2.357227e-01 3.293348e-03
  4.300000e+00 1.835906e-01 2.906442e-03
  4.500000e+00 1.441111e-01 2.575050e-03
  4.700000e+00 1.193565e-01 2.343472e-03
  4.900000e+00 9.616574e-02 2.103517e-03
  5.100000e+00 8.167200e-02 1.938526e-03
  5.300000e+00 6.814450e-02 1.770730e-03
  5.500000e+00 5.852793e-02 1.641046e-03
  5.700000e+00 4.509219e-02 1.440413e-03
  5.900000e+00 4.150322e-02 1.381903e-03
  6.100000e+00 3.308282e-02 1.233783e-03
  6.300000e+00 3.119650e-02 1.198085e-03
  6.500000e+00 2.475468e-02 1.067248e-03
  6.700000e+00 1.960104e-02 9.496733e-04
  6.900000e+00 2.001535e-02 9.596638e-04
  7.100000e+00 1.661047e-02 8.742363e-04
  7.300000e+00 1.481592e-02 8.256589e-04
  7.500000e+00 1.219322e-02 7.490220e-04
  7.700000e+00 1.044484e-02 6.932452e-04
  7.900000e+00 1.049076e-02 6.947692e-04
  8.100000e+00 9.018330e-03 6.441674e-04
  8.300000e+00 7.638016e-03 5.928250e-04
  8.500000e+00 7.039871e-03 5.691398e-04
  8.700000e+00 6.119570e-03 5.306340e-04
  8.900000e+00 5.889573e-03 5.205696e-04
  9.100000e+00 4.325154e-03 4.461055e-04
  9.300000e+00 3.726957e-03 4.141064e-04
  9.500000e+00 3.404883e-03 3.958096e-04
  9.700000e+00 3.496951e-03 4.011278e-04
  9.900000e+00 2.898752e-03 3.652084e-04
  1.010000e+01 2.116546e-03 3.120676e-04
  1.030000e+01 2.944744e-03 3.680930e-04
  1.050000e+01 2.254571e-03 3.220816e-04
  1.070000e+01 2.208607e-03 3.187849e-04
  1.090000e+01 1.932486e-03 2.981891e-04
  1.110000e+01 1.978510e-03 3.017199e-04
  1.130000e+01 1.242314e-03 2.390835e-04
  1.150000e+01 1.610407e-03 2.722084e-04
  1.170000e+01 1.426387e-03 2.561866e-04
  1.190000e+01 1.104291e-03 2.254125e-04
  1.210000e+01 1.380376e-03 2.520210e-04
  1.230000e+01 1.242343e-03 2.390890e-04
  1.250000e+01 5.981595e-04 1.658996e-04
  1.270000e+01 6.901848e-04 1.782050e-04
  1.290000e+01 9.202425e-04 2.057724e-04
  1.310000e+01 7.822201e-04 1.897163e-04
  1.330000e+01 6.901875e-04 1.782057e-04
  1.350000e+01 5.981521e-04 1.658976e-04
  1.370000e+01 8.282089e-04 1.952107e-04
  1.390000e+01 5.981558e-04 1.658986e-04
