  2.25  0.05    3.954e-02    1.235e-02    31.23    1.090e-02    5.798e-03    1.204e-02    4.645e-03
  2.75  0.05    1.286e-02    3.863e-03    30.03    3.361e-03    1.905e-03    3.752e-03    1.535e-03
  3.25  0.05    2.231e-03    5.993e-04    26.87    4.974e-04    3.342e-04    5.754e-04    2.709e-04
  3.75  0.05    4.532e-04    2.071e-04    45.69    1.953e-04    6.877e-05    2.040e-04    5.610e-05
  4.50  0.05    1.487e-04    4.552e-05    30.61    3.926e-05    2.303e-05    4.374e-05    1.898e-05
  5.50  0.05    2.742e-05    8.330e-06    30.38    7.092e-06    4.369e-06    7.933e-06    3.647e-06
  6.50  0.05    5.994e-06    2.731e-06    45.57    2.548e-06    9.826e-07    2.664e-06    8.300e-07
  7.50  0.05    2.794e-06    6.991e-07    25.02    5.168e-07    4.707e-07    6.311e-07    4.018e-07
  8.50  0.05    8.418e-07    4.018e-07    47.72    3.745e-07    1.456e-07    3.900e-07    1.254e-07
  9.50  0.05    4.175e-07    2.183e-07    52.29    2.054e-07    7.397e-08    2.124e-07    6.426e-08
