  2.25  0.05    1.212e-02    3.512e-03    28.98    3.030e-03    1.777e-03    3.413e-03    1.424e-03
  2.75  0.05    2.875e-03    8.519e-04    29.64    7.379e-04    4.257e-04    8.267e-04    3.430e-04
  3.25  0.05    8.577e-04    1.663e-04    19.38    1.055e-04    1.285e-04    1.533e-04    1.042e-04
  3.75  0.05    2.537e-04    5.396e-05    21.27    3.781e-05    3.850e-05    5.011e-05    3.141e-05
  4.50  0.05    7.047e-05    1.741e-05    24.71    1.356e-05    1.091e-05    1.635e-05    8.993e-06
  5.50  0.05    1.573e-05    3.361e-06    21.37    2.239e-06    2.506e-06    3.028e-06    2.092e-06
  6.50  0.05    3.304e-06    1.282e-06    38.81    1.162e-06    5.416e-07    1.239e-06    4.575e-07
  7.50  0.05    1.060e-06    2.653e-07    25.02    1.962e-07    1.787e-07    2.395e-07    1.525e-07
  8.50  0.05    3.463e-07    1.600e-07    46.22    1.484e-07    5.988e-08    1.550e-07    5.159e-08
  9.50  0.05    1.536e-07    7.965e-08    51.85    7.485e-08    2.721e-08    7.746e-08    2.364e-08
