2.25        0.369      0.020       0.078     0.007 
2.75        0.462      0.024       0.065     0.009 
3.25        0.482      0.002       0.022     0.013 
3.75        0.485      0.003       0.022     0.014 
4.25        0.497      0.004       0.022     0.014 
4.75        0.525      0.005       0.023     0.010 
5.25        0.528      0.007       0.024     0.011 
5.75        0.539      0.009       0.024     0.011 
6.25        0.536      0.012       0.024     0.011 
6.75        0.555      0.015       0.025     0.011 
7.25        0.491      0.019       0.022     0.010 
7.75        0.544      0.024       0.024     0.011 
8.25        0.530      0.029       0.024     0.011 
8.75        0.518      0.035       0.023     0.010 
9.5         0.448      0.030       0.020     0.009 
10.5        0.488      0.045       0.022     0.014 
11.5        0.511      0.058       0.023     0.023 
13.0        0.441      0.058       0.020     0.024
