#pT  dN/(2pi dy pT dpT)  dN/(2pi dy pT dpT)_err  vn[2]  vn[2]_err
1.0874280568e-01  3.1749092642e-02  1.0013265273e-03  1.0677167390e+02  4.0729453285e+01  9.2044288478e+01  3.5401754712e+01  nan  nan  nan  nan  nan  nan  nan  nan  
2.0420034834e-01  3.5127324419e-02  9.6130147784e-04  nan  nan  nan  nan  nan  nan  nan  nan  8.6052908052e+01  2.6653288996e+01  2.6331525172e+01  1.1375822585e+02  
3.0243582302e-01  3.3851746901e-02  9.0972105921e-04  nan  nan  4.5453619516e+01  4.5176998156e+01  nan  nan  nan  nan  3.1328838382e+01  6.6901109831e+01  nan  nan  
4.0180861008e-01  3.3773471844e-02  8.6163849486e-04  nan  nan  6.4094145317e+01  2.5793506482e+01  nan  nan  nan  nan  2.6059540434e+01  5.2276435356e+01  nan  nan  
5.0095630818e-01  3.1919144028e-02  8.2321453422e-04  nan  nan  nan  nan  nan  nan  5.6305497903e+01  2.6019075316e+01  8.3370297626e+01  1.8118289485e+01  3.3690506192e+01  3.8662743872e+01  
6.0100618640e-01  2.9428560299e-02  7.7141073177e-04  nan  nan  nan  nan  nan  nan  nan  nan  3.1714019522e+01  5.0016142722e+01  6.0551734575e+01  2.8654202073e+01  
7.0044821702e-01  2.7414371749e-02  7.1670758403e-04  nan  nan  nan  nan  nan  nan  2.0625741795e+01  5.6731294611e+01  nan  nan  3.5980376391e+01  4.1737929155e+01  
8.0010394987e-01  2.4838294103e-02  6.7650943933e-04  7.7533283029e+01  1.8614939494e+01  1.4450983541e+01  9.7158036762e+01  2.4583468796e+01  5.4856395679e+01  nan  nan  4.8045064244e+01  2.7674933132e+01  5.1952965110e+01  3.3156227974e+01  
9.0002774095e-01  2.2337327365e-02  6.3831661505e-04  nan  nan  1.8696443785e+01  8.4458275113e+01  nan  nan  nan  nan  3.3984000352e+01  3.8486440390e+01  6.3939190358e+01  2.1298561112e+01  
1.0000655220e+00  2.0008160609e-02  5.8871474800e-04  nan  nan  nan  nan  nan  nan  nan  nan  nan  nan  nan  nan  
1.0997697216e+00  1.7079329009e-02  5.2657236555e-04  8.6180557542e+01  2.6065206738e+01  6.7309912531e+01  2.5195751688e+01  4.5790730441e+01  4.6221084427e+01  nan  nan  6.5453837558e+01  3.0812152144e+01  nan  nan  
1.1995249243e+00  1.4783421573e-02  4.6984789008e-04  4.4807153957e+01  3.8729098204e+01  5.6007081594e+01  2.8938946515e+01  nan  nan  6.5179254694e+01  2.5456954343e+01  nan  nan  nan  nan  
1.2989508277e+00  1.2456891113e-02  4.1271694569e-04  nan  nan  nan  nan  2.4661320642e+01  1.0586606469e+02  nan  nan  nan  nan  nan  nan  
1.3992263876e+00  1.0460473580e-02  3.5938694463e-04  nan  nan  nan  nan  nan  nan  6.1726323668e+01  3.8639375400e+01  5.3908812086e+01  4.5855419137e+01  nan  nan  
1.4993121352e+00  8.8045213325e-03  3.2131757440e-04  nan  nan  4.4638609884e+01  6.6330996599e+01  6.7559103991e+01  3.6896257367e+01  nan  nan  6.5411440529e+01  4.0638289191e+01  nan  nan  
1.5991130473e+00  7.2072451726e-03  2.7881376229e-04  nan  nan  nan  nan  nan  nan  nan  nan  nan  nan  nan  nan  
1.6987246297e+00  5.9791647865e-03  2.4742880942e-04  9.7323091279e+01  3.1667227246e+01  nan  nan  nan  nan  1.7726826536e+01  1.6880787254e+02  nan  nan  nan  nan  
1.7991615673e+00  4.6870587345e-03  2.0321738681e-04  1.0639037402e+02  3.0212579290e+01  nan  nan  nan  nan  3.2395260294e+01  1.0737266666e+02  nan  nan  nan  nan  
1.8984451433e+00  3.7789623205e-03  1.7087187787e-04  nan  nan  nan  nan  nan  nan  nan  nan  3.8035061953e+01  9.7354144044e+01  3.9042676162e+01  8.1276226033e+01  
1.9977407179e+00  3.0846939690e-03  1.4584027200e-04  9.3964680189e+01  3.9784904914e+01  1.0539109964e+02  3.1719559523e+01  nan  nan  7.9062194816e+01  4.3622590413e+01  nan  nan  9.9591783785e+01  3.8806712244e+01  
2.0984691262e+00  2.4487859394e-03  1.2633637319e-04  nan  nan  8.7475267234e+01  4.6170062209e+01  nan  nan  nan  nan  nan  nan  7.7881907607e+01  4.7660721182e+01  
2.1974139221e+00  1.9000109617e-03  1.0014411845e-04  nan  nan  nan  nan  1.8887916728e+01  2.2238551612e+02  2.5517425710e+01  1.8185140072e+02  nan  nan  nan  nan  
2.2978542982e+00  1.5383795390e-03  8.5659721172e-05  8.0996653304e+01  4.7597682144e+01  2.6116604371e+01  1.6436743130e+02  nan  nan  nan  nan  7.1395390085e+01  5.6836775068e+01  1.0688563147e+02  3.9512756502e+01  
2.3984640561e+00  1.2289592167e-03  7.3002544247e-05  4.2317323604e+01  9.6064959380e+01  nan  nan  1.0986747905e+02  3.8776383189e+01  nan  nan  nan  nan  nan  nan  
2.4986870896e+00  9.7276350608e-04  5.8275370741e-05  9.2120624969e+01  4.6727352024e+01  nan  nan  nan  nan  7.9492461772e+01  5.7531080318e+01  nan  nan  8.1979721649e+01  5.8122339353e+01  
2.5980525569e+00  7.5896968461e-04  4.9900907347e-05  nan  nan  nan  nan  1.2244606017e+02  4.0978567222e+01  nan  nan  nan  nan  nan  nan  
2.6990194367e+00  5.9168260988e-04  3.8684524786e-05  3.4671182354e+01  1.5939011344e+02  1.5366259505e+02  3.3420277506e+01  nan  nan  5.0817240865e+01  1.0348811750e+02  8.9690652135e+01  5.4995307569e+01  7.9826310432e+01  6.2971655674e+01  
2.7995085191e+00  4.3701812256e-04  3.1560708971e-05  6.8488199893e+01  6.9007436161e+01  nan  nan  nan  nan  6.0007255660e+01  9.3760819176e+01  nan  nan  nan  nan  
2.8989233283e+00  3.5433810374e-04  2.5964802545e-05  7.6813358321e+01  6.1628214458e+01  nan  nan  1.5169081474e+02  3.0944930156e+01  9.9967831388e+01  4.9924109454e+01  nan  nan  9.2258524209e+01  5.7017157200e+01  
2.9983133927e+00  2.6089371898e-04  2.0366037204e-05  3.6315868518e+01  1.1737030270e+02  1.1425027426e+02  4.0219197411e+01  6.2154486645e+01  7.7852803131e+01  nan  nan  1.4714380939e+02  3.3837536674e+01  8.1887581994e+01  5.6077609744e+01  
3.0962168766e+00  1.9756948657e-04  1.5871895146e-05  1.1095178112e+02  4.2821907815e+01  1.3473692774e+02  3.7517268163e+01  7.7381904944e+01  6.9922330135e+01  1.3062434563e+02  3.6135626915e+01  nan  nan  nan  nan  
3.1977988444e+00  1.5151118514e-04  1.3947082897e-05  nan  nan  6.1226141248e+01  7.7752012775e+01  nan  nan  nan  nan  nan  nan  2.0874039478e+01  2.0565719813e+02  
3.2961935008e+00  1.0305613071e-04  9.9548651836e-06  nan  nan  nan  nan  nan  nan  nan  nan  nan  nan  nan  nan  
3.3974806775e+00  8.3253423358e-05  8.6240074253e-06  1.0883557485e+02  3.5334310660e+01  1.4744861916e+02  2.8636441304e+01  8.4826947990e+01  4.8538765886e+01  nan  nan  nan  nan  6.1086203118e+01  6.3145741223e+01  
3.4964423055e+00  5.3415282534e-05  6.1397732117e-06  8.5106598398e+01  4.3001495536e+01  4.4620277952e+01  9.4070086435e+01  nan  nan  nan  nan  nan  nan  nan  nan  
3.5928125263e+00  3.8798548490e-05  5.3663721554e-06  2.6904837382e+01  1.2061277071e+02  nan  nan  9.2787103475e+01  3.1836624969e+01  1.9701131119e+01  1.7072159122e+02  3.2239921560e+01  1.0604181163e+02  nan  nan  
3.6849297297e+00  2.2036105852e-05  3.1567474970e-06  6.4529365678e+01  4.8049941395e+01  nan  nan  2.2565098870e+01  1.4058682421e+02  1.0287050565e+02  2.9545716351e+01  4.6147457960e+01  7.2476495639e+01  nan  nan  
3.8010225023e+00  1.1037585044e-05  2.6010173880e-06  nan  nan  nan  nan  nan  nan  4.8915644235e+01  3.7744451363e+01  nan  nan  nan  nan  
3.8970801700e+00  3.4727495992e-06  1.1944407008e-06  nan  nan  nan  nan  1.5617458256e+01  7.3356207847e+01  4.3967719572e+01  2.0984041006e+01  nan  nan  1.8820813386e+01  8.4845061133e+01  
4.0050267388e+00  5.7445539330e-06  1.5302922346e-06  6.5106263221e+01  2.1716545212e+01  nan  nan  nan  nan  nan  nan  1.3924683688e+01  8.8666541604e+01  nan  nan  
