#pT	dN/(2pi dy pT dpT)	err(dN/(2pi dy pT dpT))	v1{SP}	v1{SP}_err	v2{SP}	v2{SP}_err	v3{SP}	v3{SP}_err	v4{SP}	v4{SP}_err	v5{SP}	v5{SP}_err	v6{SP}	v6{SP}_err
1.0989115112e-01  5.3695337506e-03  2.6433989942e-04  -3.5249956859e-03  2.6155017057e-03  -9.9067870116e-03  1.3496528854e-02  6.3420168593e-03  4.4777824293e-03  -6.6638355382e-04  9.8574762429e-04  7.4385667932e-04  1.1525927806e-03  -3.5208689369e-04  9.7600391502e-04  
2.0381125234e-01  5.5645323424e-03  2.4431327595e-04  2.1748421102e-03  1.8769526694e-03  3.6694395547e-03  8.6662971934e-03  -6.6952027255e-04  2.1359007021e-03  1.6525302291e-03  1.4017488543e-03  1.6645341629e-03  1.3069145460e-03  -1.7305967594e-04  7.1695554211e-04  
3.0249344946e-01  5.9847483870e-03  2.2570468021e-04  5.9683078913e-04  1.2523039620e-03  -2.5247029896e-03  7.0322954940e-03  -3.4817045967e-04  1.9477784202e-03  -1.3936414924e-03  9.9274197802e-04  3.4251866612e-04  6.7091702457e-04  1.0955336692e-03  7.5659477791e-04  
4.0148181741e-01  5.5759723218e-03  1.7911698319e-04  1.8376283629e-04  1.1958997234e-03  4.1074866974e-04  6.6743390037e-03  3.3734132240e-04  2.0374059201e-03  1.0594528536e-03  6.8025343523e-04  2.3303178841e-04  5.3341686424e-04  3.5506070915e-04  5.2991722162e-04  
5.0152437289e-01  5.4104718688e-03  1.7642062005e-04  6.5474422605e-04  1.1366140404e-03  1.2773057053e-02  8.5975509836e-03  1.9132207041e-03  1.7557744207e-03  2.6022945914e-04  7.9731927198e-04  -1.9071851428e-04  4.5556114976e-04  -2.2507375045e-04  4.4459649853e-04  
6.0080422397e-01  4.8914226163e-03  1.5757988738e-04  1.0761714367e-03  1.0458922973e-03  4.1228274471e-04  7.1413230573e-03  -2.1629459050e-03  1.5363972714e-03  -1.2617756567e-03  6.5132811079e-04  2.0876875740e-04  4.3959785515e-04  -5.3451332937e-05  4.1508022724e-04  
7.0117574729e-01  4.8418592101e-03  1.5297031381e-04  1.2024893542e-03  1.0263354629e-03  1.2103102015e-02  7.9704205406e-03  3.4181347507e-03  1.5247588126e-03  2.0739633600e-04  4.5641704662e-04  5.1993441581e-04  4.3310782654e-04  -8.2385180684e-05  3.9159869347e-04  
7.9990043710e-01  4.5970860442e-03  1.4583729739e-04  1.8473933703e-03  1.0357797133e-03  5.3683804259e-04  6.2692723092e-03  5.7381541448e-04  1.3400102705e-03  7.3504395693e-04  6.3335948553e-04  2.5687034583e-04  4.2801203821e-04  1.3893685533e-04  3.6248957234e-04  
9.0128720670e-01  4.2164475929e-03  1.3400630880e-04  1.9087495009e-03  9.9334932548e-04  2.2005564184e-02  1.1249394994e-02  -5.9551726475e-05  1.6692350331e-03  -5.9710630136e-04  5.6313610755e-04  -5.3073316608e-04  3.9939303458e-04  1.1724438887e-04  3.7002978559e-04  
1.0002287557e+00  3.7357678526e-03  1.2580086488e-04  2.7488908662e-03  1.1359174614e-03  4.1535987410e-03  6.9324425403e-03  -3.5233698534e-04  1.3330696845e-03  -4.4823655765e-04  6.6023901512e-04  2.4821581800e-04  4.3010349166e-04  -5.8182716943e-05  3.3027674201e-04  
1.0992378295e+00  3.3734300313e-03  1.1516605634e-04  2.6157274234e-03  1.2425471942e-03  1.2847604320e-02  7.9227307287e-03  2.4938740766e-03  1.2630983340e-03  -5.2918394134e-04  6.0398647301e-04  2.5465896130e-04  3.7815183103e-04  -3.7470562533e-04  3.8021887809e-04  
1.1992486312e+00  2.8675318045e-03  9.8692605870e-05  1.9578289566e-03  1.2008870344e-03  1.2809493975e-02  7.8114665231e-03  2.4751218221e-03  1.5094969471e-03  7.7339001224e-05  5.6907463301e-04  7.1355265135e-05  3.6682886301e-04  -1.3295174691e-04  3.8792880167e-04  
1.2989482854e+00  2.5422587422e-03  9.3005716389e-05  2.5534688886e-03  1.2294335966e-03  1.7500426861e-02  9.5318956874e-03  1.2688079304e-03  1.4783217681e-03  -2.4057957149e-04  6.2503513202e-04  -2.0078507628e-04  4.1519152688e-04  6.9356382038e-04  5.0929397719e-04  
1.4008474261e+00  2.2171989446e-03  8.5331684667e-05  1.6412971004e-03  1.1433465062e-03  2.6633675910e-02  1.3406180145e-02  2.0015240807e-03  1.6523824030e-03  -1.4216071338e-04  4.9409023022e-04  -1.5507592448e-04  3.9998538675e-04  2.0355955913e-06  4.4145199605e-04  
1.4992770015e+00  1.9624132638e-03  7.6626950889e-05  1.6194473500e-03  1.0015220951e-03  2.4731755928e-02  1.2880708906e-02  3.9199722561e-03  1.6355226247e-03  -1.9571247508e-05  5.9294628499e-04  -1.2439864072e-04  3.9983751266e-04  2.5603122542e-04  4.4267042276e-04  
1.5991391998e+00  1.6054392314e-03  6.7071505722e-05  8.2582339164e-04  1.1521949597e-03  3.0010063837e-02  1.4945766845e-02  3.2414074500e-03  2.1662079068e-03  1.4325745868e-03  7.6205295742e-04  1.1320088447e-04  4.3470233829e-04  -1.8675946870e-05  4.4226285026e-04  
1.6984862337e+00  1.3234892288e-03  5.9258538838e-05  3.4577145502e-05  9.9728490973e-04  3.6946560981e-02  1.8395586444e-02  -4.6851770130e-04  1.9752501746e-03  1.4580001908e-04  7.1755525605e-04  3.0498867005e-04  4.0952837945e-04  1.9113341385e-04  4.6309023277e-04  
1.7995829610e+00  1.1521252712e-03  5.4316150852e-05  -7.5526490263e-04  1.2490082106e-03  2.6969331181e-02  1.4880082276e-02  2.2065817492e-03  2.2531572274e-03  1.7035948987e-03  8.6351768999e-04  -8.9849415043e-06  4.7244726403e-04  -3.9835194671e-04  4.8537039347e-04  
1.8991709484e+00  9.5519486395e-04  4.6729722228e-05  1.2819097433e-03  1.4576407508e-03  3.8056124140e-02  1.9720884725e-02  4.9501981348e-03  2.0580989417e-03  -2.5103531206e-04  1.0814127309e-03  8.9002875862e-05  4.9060816686e-04  -4.2420887985e-06  5.2229415449e-04  
1.9985370502e+00  7.5708110880e-04  4.0155243522e-05  -2.6354915768e-03  1.6039778028e-03  4.3218925201e-02  2.1342388882e-02  6.7468503226e-03  2.8018953508e-03  -1.7856085392e-04  6.0937831321e-04  1.4925215205e-04  5.1630591852e-04  -4.6073925446e-04  6.2852295102e-04  
2.0962992837e+00  6.5204999790e-04  3.6686197181e-05  -1.2422042339e-03  1.9075637993e-03  4.1745723940e-02  2.2355695930e-02  6.1674303798e-03  3.0463380887e-03  1.9388681190e-03  1.4001983563e-03  6.7146102657e-04  6.2950525250e-04  5.6886328776e-04  5.7630925356e-04  
2.1992286215e+00  5.3107178260e-04  3.0894129666e-05  -5.3791316335e-03  2.5814569196e-03  5.0342343292e-02  2.4943459825e-02  1.5752006258e-03  2.3810026342e-03  1.2200089235e-03  9.6105910329e-04  3.0940118967e-04  1.1004569400e-03  2.8188500900e-04  5.6057384769e-04  
2.2977248128e+00  4.7061045924e-04  2.7344315072e-05  -3.5348020755e-04  2.3323657958e-03  6.3144259242e-02  3.1750503437e-02  6.4595096393e-03  3.6637748205e-03  3.1414891490e-04  8.7381479483e-04  7.3730415359e-05  5.1019617250e-04  5.2953675003e-04  6.5508632503e-04  
2.3988401125e+00  3.4245238776e-04  2.1187538766e-05  -4.4155212081e-03  2.5886986189e-03  5.5815547060e-02  2.9350371002e-02  3.0176059541e-03  2.7390476967e-03  1.4573686754e-03  1.3888583918e-03  3.6919583882e-04  8.1969521335e-04  -2.4071618517e-04  6.9361213763e-04  
2.4963168895e+00  2.6510746319e-04  1.8162419259e-05  -1.9292328301e-03  2.2051012568e-03  2.7336562499e-02  1.7640626022e-02  -4.5343759122e-03  3.7450642318e-03  -8.8308699842e-05  1.0330090687e-03  -5.1759468889e-04  7.8281959533e-04  5.0958141285e-05  7.4647801474e-04  
2.5968557026e+00  2.1367260676e-04  1.5652946440e-05  -3.0801832389e-03  2.4029053102e-03  6.2472330588e-02  3.1858341671e-02  3.7832975414e-04  3.4916097785e-03  1.1680553339e-03  1.2127113194e-03  -1.0535349078e-04  7.9227776385e-04  9.6418095430e-04  8.9755797821e-04  
2.6986922054e+00  1.6950251853e-04  1.3016527517e-05  -5.7891696720e-03  2.9931232800e-03  6.5925873206e-02  3.4226570984e-02  6.6243348334e-04  3.2593769603e-03  1.0821098391e-03  1.3392909833e-03  1.5122036675e-04  1.2253964255e-03  7.6820517575e-04  9.0295771200e-04  
2.7977774898e+00  1.4850395283e-04  1.3182871829e-05  -2.3217597125e-03  2.8385062979e-03  7.9784475311e-02  4.0720736937e-02  3.7534767561e-03  4.6335563541e-03  1.0159432301e-03  1.3777670929e-03  -7.6627223359e-04  1.0035835297e-03  7.6386884018e-04  1.0535400606e-03  
2.9004260636e+00  1.1151901167e-04  1.0452985068e-05  -4.3482847994e-03  3.6679189934e-03  8.2519337132e-02  4.4873071381e-02  -4.5858539350e-03  4.7931391065e-03  2.3776813929e-04  2.1909624085e-03  9.0575593816e-04  1.2492298105e-03  -4.9115606783e-04  1.2636978625e-03  
2.9992857404e+00  8.5281881105e-05  8.2987726976e-06  -7.0345679482e-03  4.4238662225e-03  7.7377762980e-02  4.3006410834e-02  7.5398022417e-03  6.6467281109e-03  1.9496351290e-03  1.7851274017e-03  1.1368645916e-03  2.2549375975e-03  5.0466290530e-04  1.2139895798e-03  
3.0994168190e+00  6.7244000917e-05  7.1438112257e-06  -9.5050981906e-05  3.3773206315e-03  5.5462880816e-02  3.4835203276e-02  6.4673559619e-03  5.6580103646e-03  1.3115642896e-03  1.9114094449e-03  1.4252813483e-03  1.6619541481e-03  1.6145912758e-03  1.5217916364e-03  
3.2005663406e+00  5.5393304257e-05  6.0367563734e-06  -4.2299485438e-03  3.4828304504e-03  8.3985977317e-02  4.7604735467e-02  1.7339519150e-02  9.8983972352e-03  4.4207120851e-03  2.4849153017e-03  1.0272841315e-03  1.7903396868e-03  -9.4876285033e-05  1.1705664581e-03  
3.2964025675e+00  3.6539497675e-05  4.9186085636e-06  -2.6587299050e-03  4.4902955658e-03  -1.2493363734e-02  3.0987526436e-02  4.1221209603e-03  6.9721729760e-03  -7.1768933097e-04  2.2892871911e-03  1.9015880169e-03  2.8990700480e-03  -6.5667219178e-04  1.4482143966e-03  
3.3941185509e+00  3.5886269289e-05  4.6878995795e-06  -1.0737869208e-02  5.2211543931e-03  7.0665676884e-02  4.6558960770e-02  1.2080896813e-02  9.2992563692e-03  7.1574051753e-03  3.5562175095e-03  -9.5636066663e-04  1.7303787853e-03  -6.8012679488e-04  1.7902303545e-03  
3.4946386595e+00  2.4010556311e-05  3.9008881202e-06  -1.2919546026e-02  8.7171445848e-03  1.3400558604e-01  9.1808290315e-02  1.2194858401e-02  9.5540890386e-03  -2.2836272910e-03  3.7969241760e-03  -3.1504088669e-03  5.5416425250e-03  -2.4929800102e-03  2.3381314486e-03  
3.5966516044e+00  1.6932728790e-05  3.3981513887e-06  -6.5468567712e-03  6.9759661252e-03  7.9045102555e-02  5.6194249377e-02  1.0927211937e-02  1.1570948015e-02  -3.9191584390e-05  3.6239015211e-03  4.7246032668e-04  2.4560997241e-03  2.5300600874e-03  2.7097381801e-03  
3.6798794115e+00  7.3554495061e-06  1.6981265473e-06  -3.8281841824e-02  2.1239582718e-02  -9.8804703389e-04  7.5090361257e-02  1.5028326450e-02  2.0475530522e-02  1.1247925140e-04  8.1280237735e-03  -5.3043946401e-03  6.7835537768e-03  -2.0938355931e-03  3.6863770427e-03  
3.7860121616e+00  2.1447765624e-06  8.7112255629e-07  1.6037798287e-02  1.5823814834e-02  -4.2099838100e-02  1.3827882949e-01  5.2854607800e-02  3.8555182231e-02  -8.2439973018e-04  2.0056230385e-02  -8.4762363081e-03  1.2852070223e-02  -4.9232950349e-03  5.7212307517e-03  
3.9052251233e+00  1.0396519911e-06  5.9871016578e-07  1.8209207666e-03  2.9485609747e-02  1.6933038453e-02  1.3018865425e-01  3.7728375457e-02  2.9480146352e-02  1.4988461840e-02  1.7718090493e-02  -6.5637287050e-03  5.9768937237e-03  -7.1371903117e-03  7.7877499314e-03  
3.9862801533e+00  2.0370244553e-06  8.2735795506e-07  -2.4934135286e-02  1.9270199900e-02  1.5960672596e-01  2.2196244337e-01  4.7637157013e-02  3.7294672166e-02  2.0249869913e-02  2.2279732789e-02  6.3216297497e-03  1.7160764101e-02  3.5231026516e-03  4.7573958603e-03  
