#pT  dN/(2pi dy pT dpT)  dN/(2pi dy pT dpT)_err  vn{SP}  vn{SP}_err
1.0852846826e-01  9.6583920056e-02  2.4593657554e-03  6.2415576918e-04  7.2508803471e-04  -1.2486621901e-03  2.5040283750e-03  7.1555225812e-04  9.6365607375e-04  -2.2770694820e-04  2.5522195617e-04  -3.8843168457e-04  2.2244506631e-04  3.5614573135e-04  2.1719884750e-04  
2.0380421430e-01  1.0174517420e-01  2.4571777285e-03  1.0381807733e-03  7.3459043951e-04  1.4530163572e-03  1.7289986214e-03  -3.4620037729e-05  5.9726826933e-04  2.3499856349e-04  2.6379633955e-04  3.4729682100e-04  1.6677442105e-04  -2.4927988510e-05  1.5451313784e-04  
3.0235667269e-01  9.9566337699e-02  2.4332772546e-03  6.9445944755e-04  5.3843202253e-04  -1.1110311188e-03  1.6139902979e-03  1.1722866728e-04  4.7678121721e-04  2.5027439986e-04  1.9253501719e-04  1.6877656576e-04  1.2398552291e-04  1.9808026836e-05  1.1607795997e-04  
4.0161480102e-01  9.5576883520e-02  2.2917238267e-03  1.2531554598e-03  6.2550602770e-04  3.9300562379e-03  1.3563613159e-03  -2.1798913485e-04  4.0380516638e-04  5.3264218393e-05  1.6402859334e-04  4.2572296849e-04  1.4245764120e-04  1.4285988160e-04  1.1413092526e-04  
5.0111663650e-01  8.7526410545e-02  2.1872612000e-03  2.1291956242e-03  8.9681421299e-04  4.1182061190e-03  1.3176357198e-03  -7.8981033472e-04  5.0497885403e-04  1.0213793992e-04  1.5270228646e-04  -4.5345889889e-05  1.0056593487e-04  8.0994918572e-05  9.9177985253e-05  
6.0085403117e-01  8.2539313377e-02  2.1032945030e-03  2.0574256673e-03  8.8032104314e-04  3.7766030697e-03  1.2501854855e-03  1.2361335205e-05  4.8217959099e-04  4.2980067447e-05  1.6045209296e-04  -2.0131111506e-05  1.0046213506e-04  -9.8222720955e-05  1.0163531212e-04  
7.0039735911e-01  7.3592054231e-02  1.9243873705e-03  3.0403095231e-03  1.2110681076e-03  7.5527783430e-03  1.6157564644e-03  1.2091089603e-04  4.4352944468e-04  5.1989668264e-05  1.3788404000e-04  -2.3107441654e-05  8.7377424182e-05  -3.2144853140e-05  9.0621244801e-05  
8.0002021195e-01  6.4496152584e-02  1.7456585996e-03  3.1145549733e-03  1.2464406631e-03  9.9765180926e-03  1.8572850229e-03  2.2714198887e-04  4.0245157223e-04  1.7733193830e-04  1.6474861582e-04  -5.6588109164e-05  9.9990963986e-05  -2.4145661421e-04  1.0818668521e-04  
8.9970197715e-01  5.7099387268e-02  1.6349319000e-03  2.5777807656e-03  1.0542746974e-03  1.3098718964e-02  2.2227024582e-03  1.1679162631e-03  5.2980749079e-04  3.9094435610e-04  1.6312514654e-04  1.3021547806e-04  9.1255602390e-05  -4.1225278504e-05  8.2316379562e-05  
9.9947399073e-01  4.8582371384e-02  1.4458026443e-03  2.7724662920e-03  1.1319994296e-03  1.3619229350e-02  2.5135777907e-03  9.5217268585e-04  4.5201096110e-04  -8.3730600802e-05  1.5407612675e-04  7.5671722172e-06  8.2373467194e-05  -4.9487796009e-05  8.5738332727e-05  
1.0994041691e+00  4.1058544369e-02  1.2825349424e-03  2.2392976751e-03  9.3450827456e-04  1.6294485168e-02  2.7321636523e-03  9.4290916110e-04  5.0347920648e-04  2.0859885036e-04  1.4882116150e-04  4.0473957167e-05  8.4493231039e-05  -7.5615368789e-06  1.0551703891e-04  
1.1990452412e+00  3.4372410947e-02  1.1284267819e-03  2.3157200189e-03  9.7127877649e-04  1.7558308515e-02  3.1082053127e-03  1.0387882158e-03  5.4163993372e-04  -1.2717902331e-05  1.4697781734e-04  -1.7511759481e-06  9.8879301176e-05  1.1291625646e-04  1.0089106743e-04  
1.2992131473e+00  2.8059066764e-02  9.7015191123e-04  1.6949929425e-03  8.2196171605e-04  2.0625486083e-02  3.6698163679e-03  2.2069037576e-03  8.2171820488e-04  3.9735142986e-04  1.6232898073e-04  1.6484076995e-06  1.2488277939e-04  3.8431616371e-06  9.9720386952e-05  
1.3988117408e+00  2.2697108350e-02  8.1829281190e-04  1.0299054107e-03  5.8368921752e-04  2.1897730029e-02  3.8226344925e-03  1.8098570038e-03  7.1052388799e-04  5.7777925872e-04  2.7512448781e-04  2.3127590943e-04  1.4722790545e-04  9.0453213189e-05  1.1956602680e-04  
1.4987611419e+00  1.8620541081e-02  6.9692534068e-04  2.1802173687e-04  4.4502620274e-04  2.3983517388e-02  4.1284809158e-03  2.5527504332e-03  9.0957169724e-04  1.3559415487e-04  2.3351393678e-04  1.9862425131e-04  1.6510586183e-04  -1.1072493051e-04  1.2299815027e-04  
1.5986304409e+00  1.4795567162e-02  5.8031977302e-04  2.8877497233e-04  4.9692681842e-04  2.5227960551e-02  4.3022887929e-03  2.4896367239e-03  1.0098458766e-03  4.5226440179e-04  2.3069224960e-04  -9.9200017039e-05  1.8077145210e-04  1.0477279213e-04  1.3671295795e-04  
1.6984779433e+00  1.1751875358e-02  5.0105132756e-04  -1.3331224887e-03  7.3837602789e-04  2.5400881175e-02  4.6289610136e-03  2.8057166040e-03  1.1150043104e-03  -1.0113562066e-04  2.2652757383e-04  1.1670923506e-04  1.3782581250e-04  -2.1928846333e-04  1.3727056713e-04  
1.7982382094e+00  9.1170252546e-03  3.9749582198e-04  -1.1701884053e-03  6.6214898246e-04  2.9220645710e-02  5.4710478415e-03  3.7570895616e-03  1.3773517792e-03  6.8538162255e-04  3.9007322729e-04  -1.3844646719e-05  1.4103372522e-04  -1.6947300662e-04  1.5001247415e-04  
1.8986828436e+00  7.2845042601e-03  3.4326267563e-04  -1.0453553751e-03  6.5725729702e-04  3.4886160663e-02  6.7467626883e-03  3.2036669441e-03  1.2835669099e-03  3.2134520078e-04  2.8987750640e-04  1.4087496731e-04  1.6359518141e-04  1.3977897339e-05  1.4434978179e-04  
1.9981649649e+00  5.8403973527e-03  2.8035469827e-04  -3.2372536141e-03  1.5473083243e-03  3.1213632086e-02  5.8446835315e-03  2.9145893550e-03  1.2154892389e-03  1.0278237100e-03  3.6254368795e-04  2.1604713306e-04  1.7024089674e-04  3.0644042919e-04  1.9614072661e-04  
2.0976362037e+00  4.4537279517e-03  2.2814855892e-04  -3.3230782145e-03  1.4419510290e-03  3.2354655782e-02  5.7761535173e-03  3.6322566839e-03  1.5154203103e-03  4.7912927592e-04  2.6929913255e-04  2.4020412569e-04  2.4157579419e-04  -5.1286665527e-05  1.9184075283e-04  
2.1981578686e+00  3.5592369356e-03  1.9127527424e-04  -3.4484548726e-03  1.5732081760e-03  3.6575100837e-02  6.9949303954e-03  3.6530459485e-03  1.4920753022e-03  3.4713972129e-04  3.0150145687e-04  2.3866782145e-04  2.0111088973e-04  -2.6192749428e-04  2.0779484463e-04  
2.2976679934e+00  2.7271343048e-03  1.5395552936e-04  -4.2608513396e-03  1.8715460916e-03  3.8829887964e-02  8.6710045382e-03  3.5484142588e-03  1.5480444226e-03  1.1791055433e-03  4.1248052144e-04  -1.8124837072e-04  2.3363468193e-04  2.2224266049e-04  2.2783556572e-04  
2.3987366002e+00  2.1089658397e-03  1.2609125064e-04  -4.2268362931e-03  2.1250868517e-03  3.8443174929e-02  7.7804788101e-03  6.3470821595e-03  2.4184550731e-03  -4.1511388000e-04  4.0085086849e-04  1.8789710297e-04  2.3626518581e-04  9.7158698088e-05  2.0899204402e-04  
2.4992973511e+00  1.6228621222e-03  1.0061545811e-04  -5.9001247527e-03  2.5338717384e-03  4.2078975712e-02  9.9901250663e-03  4.5546731812e-03  1.8390859104e-03  1.0961577634e-03  6.1549643557e-04  -4.0618520426e-05  2.6630631839e-04  6.6398840368e-05  2.6615105278e-04  
2.5982595611e+00  1.2334228046e-03  7.9833698132e-05  -8.1228453236e-03  3.4548033336e-03  4.5115687462e-02  1.0881646450e-02  6.2796713993e-03  2.9385075009e-03  9.1534893952e-04  6.9947150595e-04  7.0211360455e-04  3.1461443807e-04  6.4101634982e-04  3.3312487843e-04  
2.6977635342e+00  9.5164782825e-04  6.3974683871e-05  -3.8404190386e-03  2.7928843280e-03  4.6708724742e-02  1.3742275431e-02  5.9287343734e-03  2.6968163834e-03  1.3977185267e-03  7.4684737075e-04  -1.3765812052e-04  3.4135643084e-04  1.3511235788e-04  3.1754885303e-04  
2.7984779979e+00  7.0557990721e-04  5.1318673695e-05  -7.3132444224e-03  3.3283804109e-03  4.7695263905e-02  1.3123453548e-02  2.7897277527e-03  2.3131800576e-03  2.0451790268e-03  1.1173310717e-03  3.4737033874e-04  3.8315840943e-04  4.3251779555e-04  4.0725635617e-04  
2.8980471270e+00  5.4684501994e-04  3.9945938775e-05  -6.2973591013e-03  3.5980888383e-03  3.9622989231e-02  1.0545516794e-02  1.1538069321e-02  4.4731239853e-03  1.0777832909e-03  9.4102844081e-04  4.5550686293e-04  5.3330744769e-04  -2.6563251433e-04  4.3758513950e-04  
2.9980245579e+00  3.9182969759e-04  3.1335820170e-05  -8.0601597723e-03  4.0266669506e-03  5.3415203691e-02  1.6574493953e-02  4.1410914393e-03  2.6888324700e-03  1.9623056421e-03  1.2460511696e-03  -4.3269534308e-04  4.3025117905e-04  1.8683602308e-04  4.6918896288e-04  
3.0986885457e+00  3.1053065822e-04  2.6122261224e-05  -8.4582833454e-03  4.0949702792e-03  4.5473767633e-02  1.3691888663e-02  9.7711032575e-04  2.5914639020e-03  1.9262131099e-03  9.1458385229e-04  -1.2347316411e-04  5.0280909265e-04  -9.3183951162e-05  4.8395894728e-04  
3.1967324276e+00  2.3834986935e-04  1.9964929039e-05  -8.8320998223e-03  4.1439446258e-03  5.4584027507e-02  1.4004250661e-02  7.9823224311e-03  3.9104236870e-03  -1.3525203848e-03  1.3353478211e-03  -9.3986161574e-04  9.5423064676e-04  4.5069323457e-04  5.5328284574e-04  
3.2965611380e+00  1.9172050129e-04  1.8184957138e-05  -9.6846553176e-03  4.6509445842e-03  7.2621586874e-02  2.2450201787e-02  -4.3686682327e-03  4.1396085951e-03  1.5330387437e-03  1.4159311977e-03  -1.5038621292e-03  8.6368285434e-04  -1.0701160408e-03  8.7107014649e-04  
3.3976115084e+00  1.3343934386e-04  1.4722680188e-05  -9.5032772415e-03  4.9831820818e-03  5.2931753264e-02  2.0738671104e-02  2.8401748909e-03  4.3896133369e-03  -5.9588215232e-04  1.8042922663e-03  9.1263984358e-04  8.3711879762e-04  1.0149670572e-04  8.4121979168e-04  
3.4982493528e+00  9.6329963240e-05  1.0114609869e-05  -2.0554760537e-02  1.1089593985e-02  4.9267410686e-02  2.0051334395e-02  6.5560363271e-03  5.8863313224e-03  -2.2293914313e-03  1.5810580904e-03  1.7443489080e-03  1.1283787587e-03  4.3641462231e-04  8.9991418285e-04  
3.5963054303e+00  6.9995349332e-05  8.1337455833e-06  -1.3639665711e-02  8.3028892562e-03  4.7415514616e-02  1.9717748687e-02  5.4929099022e-03  5.6437298814e-03  1.1657323812e-03  1.5322906383e-03  7.7691835569e-04  1.2411802672e-03  -6.9088872046e-04  9.3444303367e-04  
3.6888292686e+00  3.3752976896e-05  6.2002256315e-06  -2.7389347758e-02  1.8845517546e-02  5.4777618041e-02  1.8969955763e-02  4.1195166314e-03  4.8417898354e-03  2.3886601272e-03  2.7998350977e-03  -2.7387710402e-03  1.7237269787e-03  6.8099967283e-04  1.3045426069e-03  
3.8004574662e+00  2.1366244015e-05  3.2222509158e-06  -3.0816208045e-03  9.3901452888e-03  4.0889473837e-02  2.1141489250e-02  -4.9700063578e-03  1.3136434934e-02  3.8742044655e-03  4.9214320133e-03  1.4505962474e-03  2.3418361663e-03  8.2285879634e-04  1.7788313728e-03  
3.8913330562e+00  1.4607089723e-05  2.8039552927e-06  -1.4079847047e-02  1.1110051133e-02  3.3352437834e-02  3.9191846508e-02  1.9587394535e-02  1.6011970959e-02  6.0056776232e-03  4.9743731103e-03  -1.7353581977e-03  2.0839730845e-03  -4.0191531540e-03  1.7028822757e-03  
3.9967695955e+00  9.8197785720e-06  2.2350956883e-06  -5.8240911611e-03  1.2439460455e-02  1.1040074074e-01  6.0318902274e-02  2.7826453793e-03  2.3450788435e-02  -1.2516222128e-03  3.8862420999e-03  -3.8272997923e-03  4.0523413514e-03  -9.9464768425e-04  2.2167691851e-03  
