#pT  dN/(2pi dy pT dpT)  dN/(2pi dy pT dpT)_err  vn[2]  vn[2]_err
1.0852846826e-01  9.6583920056e-02  2.4593657554e-03  2.4114620562e+01  7.0182806170e+01  1.3839414543e+01  1.2065618480e+02  5.7368650290e+01  2.0475759620e+01  nan  nan  nan  nan  6.6088666534e+01  2.1063298942e+01  
2.0380421430e-01  1.0174517420e-01  2.4571777285e-03  nan  nan  5.6293461272e+01  2.5701985081e+01  3.0310319474e+01  3.3410526758e+01  2.4653117813e+01  2.5442085165e+01  1.8409017792e+01  6.4659849816e+01  4.4964952193e+01  2.5737528582e+01  
3.0235667269e-01  9.9566337699e-02  2.4332772546e-03  nan  nan  nan  nan  5.0811906007e+01  2.4322303564e+01  4.5117946097e+01  1.8003897515e+01  nan  nan  nan  nan  
4.0161480102e-01  9.5576883520e-02  2.2917238267e-03  9.9507728464e+00  4.0372582524e+01  nan  nan  nan  nan  nan  nan  3.1021585527e+01  2.0054509967e+01  nan  nan  
5.0111663650e-01  8.7526410545e-02  2.1872612000e-03  nan  nan  4.7666690185e+01  2.3585886357e+01  nan  nan  nan  nan  5.7119040585e+01  1.6633275626e+01  3.3751723533e+01  2.5845730192e+01  
6.0085403117e-01  8.2539313377e-02  2.1032945030e-03  nan  nan  nan  nan  4.6098891985e+01  1.7496886746e+01  nan  nan  nan  nan  nan  nan  
7.0039735911e-01  7.3592054231e-02  1.9243873705e-03  2.8652775968e+01  1.0834650724e+01  2.2408733010e+01  3.3543011365e+01  1.9975966989e+01  2.4949690269e+01  3.8508763631e+01  2.2294183459e+01  4.2544249912e+01  2.2129443287e+01  nan  nan  
8.0002021195e-01  6.4496152584e-02  1.7456585996e-03  7.4866577502e+00  2.3419337635e+01  nan  nan  nan  nan  2.2921920154e+01  1.4648531448e+01  5.3738069215e+01  1.9026731170e+01  2.3533649616e+01  1.9084252265e+01  
8.9970197715e-01  5.7099387268e-02  1.6349319000e-03  3.8958039216e+01  3.0409108661e+01  5.0835883135e+01  2.1914996659e+01  nan  nan  1.8363176474e+01  5.3766427196e+01  3.6200557081e+01  2.7490054653e+01  4.1657333794e+01  1.3288464104e+01  
9.9947399073e-01  4.8582371384e-02  1.4458026443e-03  nan  nan  nan  nan  4.9505484756e+01  1.5776173493e+01  nan  nan  nan  nan  2.7672461655e+01  4.5843688959e+01  
1.0994041691e+00  4.1058544369e-02  1.2825349424e-03  nan  nan  nan  nan  nan  nan  nan  nan  nan  nan  1.7299081834e+01  6.0269890355e+01  
1.1990452412e+00  3.4372410947e-02  1.1284267819e-03  2.3751180259e+01  4.4300673396e+01  4.0640340983e+01  1.2981999762e+01  1.7830405674e+01  6.7686816315e+01  4.8450076391e+01  1.5540221609e+01  3.1474194455e+01  2.8607245703e+01  1.8955762083e+01  5.0147210957e+01  
1.2992131473e+00  2.8059066764e-02  9.7015191123e-04  2.1342498078e+01  6.6309502543e+01  nan  nan  7.4336511469e+01  1.8377576460e+01  2.1280597309e+01  8.1555532190e+01  6.2051571624e+01  3.1246227032e+01  5.3967462795e+01  3.8023423962e+01  
1.3988117408e+00  2.2697108350e-02  8.1829281190e-04  nan  nan  4.9793060318e+01  4.0158481336e+01  4.5425179724e+01  4.7119405436e+01  nan  nan  nan  nan  nan  nan  
1.4987611419e+00  1.8620541081e-02  6.9692534068e-04  nan  nan  7.5613397339e+01  3.3672944389e+01  8.4990901971e+01  2.6613672257e+01  2.6337685266e+01  6.2463720611e+01  4.1861288913e+01  4.4994615833e+01  nan  nan  
1.5986304409e+00  1.4795567162e-02  5.8031977302e-04  nan  nan  nan  nan  1.9112501392e+01  7.7162457090e+01  nan  nan  3.5395632306e+01  3.2822078107e+01  nan  nan  
1.6984779433e+00  1.1751875358e-02  5.0105132756e-04  5.2884298542e+01  3.7547710082e+01  2.5701622099e+01  7.4842613289e+01  2.8954273881e+01  8.8830656198e+01  2.0883514789e+01  1.0461227058e+02  6.0126596992e+01  4.2004224039e+01  2.0171132706e+01  1.0828080345e+02  
1.7982382094e+00  9.1170252546e-03  3.9749582198e-04  nan  nan  nan  nan  nan  nan  1.2960730895e+01  1.8139768587e+02  nan  nan  nan  nan  
1.8986828436e+00  7.2845042601e-03  3.4326267563e-04  6.0304717536e+01  3.9270535192e+01  nan  nan  7.0027387600e+01  3.3467362129e+01  6.7724479501e+01  3.3166846662e+01  nan  nan  4.1369781681e+01  6.4169236785e+01  
1.9981649649e+00  5.8403973527e-03  2.8035469827e-04  2.9786127807e+01  1.2648664739e+02  4.5700229623e+01  8.0714168466e+01  7.7764227620e+01  3.7310902041e+01  1.2624885775e+02  2.6841066057e+01  5.2390488941e+01  5.8151610751e+01  nan  nan  
2.0976362037e+00  4.4537279517e-03  2.2814855892e-04  5.2847258635e+01  7.0340092608e+01  9.8112817117e+01  3.9308665432e+01  nan  nan  nan  nan  1.1197455086e+02  3.0670808175e+01  nan  nan  
2.1981578686e+00  3.5592369356e-03  1.9127527424e-04  nan  nan  5.3536841660e+01  6.8216561600e+01  2.6278463289e+01  1.3916965873e+02  nan  nan  4.0063481565e+01  8.6851384443e+01  nan  nan  
2.2976679934e+00  2.7271343048e-03  1.5395552936e-04  nan  nan  nan  nan  nan  nan  1.1207592026e+02  3.2083062545e+01  nan  nan  8.4657342846e+01  4.3682134909e+01  
2.3987366002e+00  2.1089658397e-03  1.2609125064e-04  6.5652635697e+01  6.0999497952e+01  9.5885264927e+01  4.6179799528e+01  nan  nan  4.7216770125e+01  9.3531020593e+01  8.0591272707e+01  5.6091329512e+01  9.0705188282e+01  4.7293475283e+01  
2.4992973511e+00  1.6228621222e-03  1.0061545811e-04  nan  nan  9.9393407630e+01  4.6510852422e+01  3.2141261700e+01  1.2807033848e+02  nan  nan  nan  nan  nan  nan  
2.5982595611e+00  1.2334228046e-03  7.9833698132e-05  1.0613998268e+02  3.7784152118e+01  nan  nan  7.0916146111e+01  5.8255878978e+01  4.8079378791e+01  8.6749773522e+01  4.5129168029e+01  9.5107044308e+01  9.1104974689e+01  4.5556770669e+01  
2.6977635342e+00  9.5164782825e-04  6.3974683871e-05  nan  nan  4.2414550529e+01  1.0887404541e+02  nan  nan  5.9365705637e+01  7.4087216777e+01  1.0564137263e+02  4.3881490410e+01  1.1349803846e+02  4.0552855955e+01  
2.7984779979e+00  7.0557990721e-04  5.1318673695e-05  nan  nan  nan  nan  4.0153310836e+00  1.2007609811e+03  1.0554322152e+02  4.5919758025e+01  nan  nan  nan  nan  
2.8980471270e+00  5.4684501994e-04  3.9945938775e-05  4.4221531779e+01  1.1741167806e+02  nan  nan  nan  nan  1.0258591837e+02  4.9917599111e+01  nan  nan  nan  nan  
2.9980245579e+00  3.9182969759e-04  3.1335820170e-05  6.1034008804e+01  8.3041787714e+01  2.9879337252e+01  1.7595946205e+02  nan  nan  6.1265813960e+01  7.7433264751e+01  6.3532010251e+01  7.8210420696e+01  nan  nan  
3.0986885457e+00  3.1053065822e-04  2.6122261224e-05  nan  nan  nan  nan  8.5523798002e+01  5.6362190601e+01  nan  nan  nan  nan  6.4093707324e+01  7.1192345434e+01  
3.1967324276e+00  2.3834986935e-04  1.9964929039e-05  5.0998262107e+01  9.1394581045e+01  9.9078189461e+01  4.9002660164e+01  6.5046803456e+01  7.7054658918e+01  nan  nan  nan  nan  5.5175829588e+01  7.9569962608e+01  
3.2965611380e+00  1.9172050129e-04  1.8184957138e-05  6.5991088344e+01  7.1233147630e+01  5.9946604315e+01  7.5507744325e+01  6.4967093281e+01  6.9785506607e+01  nan  nan  nan  nan  nan  nan  
3.3976115084e+00  1.3343934386e-04  1.4722680188e-05  nan  nan  nan  nan  nan  nan  1.3479032192e+02  3.7570818551e+01  nan  nan  nan  nan  
3.4982493528e+00  9.6329963240e-05  1.0114609869e-05  7.4507889002e+01  5.9810088823e+01  nan  nan  7.6029067856e+01  5.4044460779e+01  nan  nan  1.1985280194e+02  3.7977572248e+01  nan  nan  
3.5963054303e+00  6.9995349332e-05  8.1337455833e-06  1.0435609134e+02  3.8861213691e+01  nan  nan  nan  nan  nan  nan  nan  nan  nan  nan  
3.6888292686e+00  3.3752976896e-05  6.2002256315e-06  4.1573082540e+01  8.2635649393e+01  nan  nan  6.9534754532e+01  5.1275180217e+01  nan  nan  1.8312365328e+01  1.7812224031e+02  6.8531272934e+01  5.0843897192e+01  
3.8004574662e+00  2.1366244015e-05  3.2222509158e-06  nan  nan  9.3759493066e+00  3.1091585029e+02  nan  nan  nan  nan  nan  nan  1.1669182807e+02  2.8421033604e+01  
3.8913330562e+00  1.4607089723e-05  2.8039552927e-06  nan  nan  nan  nan  nan  nan  3.9728288732e+01  5.9830784388e+01  6.9118013519e+01  3.2870956788e+01  3.3209747450e+01  5.8057400888e+01  
3.9967695955e+00  9.8197785720e-06  2.2350956883e-06  nan  nan  3.6566395971e+01  5.9705347098e+01  nan  nan  nan  nan  7.3210892385e+01  2.8379645209e+01  nan  nan  
