#pT  dN/(2pi dy pT dpT)  dN/(2pi dy pT dpT)_err  vn[2]  vn[2]_err
1.1065459363e-01  4.6475809091e-04  7.6910362230e-05  nan  nan  8.3559428664e+01  3.5257219158e+01  nan  nan  5.4989860684e+01  5.3636378815e+01  nan  nan  nan  nan  
2.0263276118e-01  6.3449287972e-04  6.5999750965e-05  nan  nan  5.4808592216e+01  7.9001331283e+01  nan  nan  1.1173685171e+02  3.8943570915e+01  nan  nan  3.1285965232e+01  1.4199113692e+02  
3.0094605334e-01  6.4307288066e-04  5.5117824567e-05  nan  nan  7.3390808978e+01  6.5090204122e+01  nan  nan  nan  nan  nan  nan  nan  nan  
4.0636109515e-01  6.4943441505e-04  4.6902574429e-05  nan  nan  nan  nan  3.0559747717e+01  1.9563530095e+02  nan  nan  3.1672664620e+01  1.6863075069e+02  nan  nan  
5.0170283376e-01  6.0964174149e-04  4.4089229522e-05  nan  nan  6.4200092660e+01  9.4015252693e+01  nan  nan  6.6583786437e+01  8.6676349864e+01  nan  nan  nan  nan  
6.0297976476e-01  6.1049059256e-04  3.9273197538e-05  nan  nan  nan  nan  nan  nan  3.0054489143e+01  2.0971659721e+02  1.3708175269e+02  4.0023093331e+01  7.8746372246e+01  7.5101633458e+01  
6.9867574456e-01  5.9864103341e-04  3.7091422555e-05  nan  nan  1.1683861720e+02  5.3143929010e+01  1.0057621654e+02  5.6451999400e+01  6.5523733718e+01  8.8786794252e+01  1.4490769416e+02  4.4849167354e+01  1.5070491917e+02  3.8184154976e+01  
8.0175594881e-01  5.4859769682e-04  3.2176777815e-05  nan  nan  nan  nan  6.4651646377e+01  9.9695785880e+01  nan  nan  nan  nan  nan  nan  
9.0080430924e-01  5.4987432292e-04  3.0869747133e-05  8.4090138494e+01  7.5997646748e+01  nan  nan  9.6580799748e+01  6.3583148835e+01  nan  nan  8.7858759684e+01  7.7353577283e+01  1.2851521719e+02  4.6702875919e+01  
9.9900429535e-01  5.7168645845e-04  3.1745738434e-05  nan  nan  nan  nan  1.0122673630e+02  5.9612974792e+01  1.2619735275e+02  4.8255902004e+01  nan  nan  4.5894058180e+01  1.4063648906e+02  
1.0973252795e+00  4.6249675858e-04  2.6562098600e-05  1.0197107567e+02  6.3243857373e+01  1.0591189978e+02  5.7366451405e+01  nan  nan  2.7786276136e+01  2.1841031399e+02  nan  nan  nan  nan  
1.1989118954e+00  4.4024065674e-04  2.4970366817e-05  nan  nan  nan  nan  nan  nan  nan  nan  7.9594318502e+01  8.4495274834e+01  1.0425129861e+02  6.4507903715e+01  
1.3005403223e+00  4.0687944045e-04  2.2294335195e-05  nan  nan  1.1427385826e+02  5.8333400521e+01  nan  nan  9.6311858489e+01  6.9303102385e+01  1.0148268293e+02  6.2464208824e+01  3.2385340800e+01  1.8607266848e+02  
1.3968140534e+00  3.8949354723e-04  2.1690213610e-05  1.2334633100e+02  5.4088702182e+01  1.0603903019e+02  5.6955352377e+01  nan  nan  1.3099930034e+02  4.9676785180e+01  nan  nan  1.0710514733e+02  5.7183157955e+01  
1.4999326996e+00  3.2301602128e-04  1.9183444686e-05  nan  nan  nan  nan  1.5341841504e+02  3.9156459256e+01  nan  nan  1.4272477120e+02  4.2686003731e+01  1.2575734397e+02  4.8547902111e+01  
1.5988894808e+00  2.7085966873e-04  1.7467182741e-05  5.7769223575e+01  1.0839158313e+02  1.0100603568e+02  5.5453464206e+01  nan  nan  7.3500375625e+01  8.1745354777e+01  nan  nan  nan  nan  
1.7007242596e+00  2.4588802730e-04  1.6006675931e-05  nan  nan  1.0047942890e+02  5.3846554626e+01  1.2979937737e+02  3.8941883724e+01  nan  nan  1.2306143661e+02  4.8402059454e+01  nan  nan  
1.7983686154e+00  2.3931020297e-04  1.5051340113e-05  nan  nan  1.2697171804e+02  4.6292734141e+01  nan  nan  nan  nan  nan  nan  nan  nan  
1.8988292561e+00  2.2664910867e-04  1.5186740877e-05  1.1121450388e+02  4.8700756626e+01  nan  nan  nan  nan  1.2196694196e+02  4.9235959067e+01  nan  nan  nan  nan  
1.9989172745e+00  1.5910574121e-04  1.2356407506e-05  7.2897892480e+01  7.2449290987e+01  7.2197687631e+01  7.4605728370e+01  9.9191219895e+01  5.7542576961e+01  1.0378129240e+02  4.7846865938e+01  4.1584015884e+01  1.3691628794e+02  nan  nan  
2.0992299961e+00  1.3280670652e-04  1.0822967249e-05  7.3568632602e+01  6.7831177678e+01  nan  nan  9.6779784176e+01  4.9122902492e+01  nan  nan  nan  nan  5.3299455286e+01  9.4788049635e+01  
2.2002961650e+00  1.4823430133e-04  1.0937756500e-05  1.7395887393e+02  3.0941508770e+01  nan  nan  nan  nan  1.3095815141e+02  4.2943560797e+01  nan  nan  8.2294025478e+01  6.9381070353e+01  
2.3019393872e+00  1.1052913602e-04  8.3949501301e-06  7.5112790920e+00  7.1555907565e+02  nan  nan  1.9321922363e+01  2.6659539360e+02  nan  nan  nan  nan  nan  nan  
2.4006601326e+00  8.3434149838e-05  7.7038968151e-06  9.7354013963e+01  4.8696658951e+01  8.2690028837e+01  5.7223783762e+01  1.0976423290e+02  4.1366981195e+01  nan  nan  nan  nan  6.1724565859e+01  7.5812771523e+01  
2.4992010705e+00  7.3646230000e-05  7.0718023039e-06  nan  nan  nan  nan  7.6312923087e+01  5.9309955442e+01  6.1814045743e+01  6.9528295820e+01  9.3795368623e+01  4.8058189786e+01  3.3094000638e+01  1.3641768705e+02  
2.6001612046e+00  5.6733429035e-05  6.2196772134e-06  nan  nan  nan  nan  4.1886422222e+01  1.0025866387e+02  1.1267377510e+02  3.9541599276e+01  5.7630398902e+01  7.4444331856e+01  nan  nan  
2.7005796898e+00  5.1617033021e-05  5.8217599969e-06  7.4860066582e+01  5.1105141270e+01  2.4982068432e+01  1.5802236288e+02  5.7854520456e+01  6.6549018073e+01  7.8464123546e+01  4.8132093046e+01  nan  nan  nan  nan  
2.7975318980e+00  4.6441794870e-05  4.9883691471e-06  nan  nan  7.6700347332e+01  5.6573779350e+01  7.7261002655e+01  5.5119676877e+01  nan  nan  1.1642278642e+02  3.8835224263e+01  7.0614730844e+01  6.3164927033e+01  
2.8998163432e+00  3.3602749400e-05  4.6008595118e-06  nan  nan  nan  nan  6.6575693430e+01  5.0652765886e+01  8.6419984084e+01  3.3958721517e+01  nan  nan  nan  nan  
3.0001976517e+00  3.6989358158e-05  4.6566058066e-06  nan  nan  nan  nan  4.8248869684e+01  8.2198692177e+01  5.4586551456e+01  6.6402006571e+01  7.8543237002e+01  4.4831595963e+01  1.2979318701e+02  3.0112867466e+01  
3.0947659377e+00  2.2302583701e-05  3.2892975218e-06  nan  nan  nan  nan  nan  nan  nan  nan  3.2608265307e+01  9.3851715153e+01  5.7051907299e+01  5.1526078637e+01  
3.1975525854e+00  1.7353175991e-05  2.8120106955e-06  nan  nan  1.0568041722e+02  2.4857078093e+01  nan  nan  nan  nan  nan  nan  nan  nan  
3.3055445482e+00  1.6376827969e-05  2.6934440635e-06  2.9993791667e+01  1.0371025344e+02  4.7192138822e+01  5.3506525012e+01  nan  nan  7.8079657885e+01  4.5672621345e+01  nan  nan  nan  nan  
3.4111837472e+00  1.4282696142e-05  2.7996553386e-06  nan  nan  9.0293223685e+01  2.8972457251e+01  nan  nan  4.1372053030e+01  5.9060458479e+01  3.0108791629e+01  7.0088668939e+01  nan  nan  
3.5023584612e+00  1.2751643317e-05  2.4787136969e-06  2.7803500391e+01  7.7430775692e+01  4.9389899399e+01  4.5941030540e+01  3.8369214282e+01  6.2588635642e+01  nan  nan  nan  nan  nan  nan  
3.6057431711e+00  1.0134020635e-05  2.0475568684e-06  nan  nan  nan  nan  nan  nan  nan  nan  5.8982196115e+01  4.5032418545e+01  nan  nan  
3.6710974767e+00  2.2119135263e-06  8.9839090894e-07  nan  nan  3.8745163377e+01  3.4268011337e+01  nan  nan  7.7120681764e+01  1.6864628722e+01  5.9058976905e+01  2.2307503622e+01  3.3197631102e+01  2.3338789300e+01  
3.7934592033e+00  1.0702830494e-06  6.1634984341e-07  nan  nan  nan  nan  4.3276327328e+00  8.4749857537e+01  nan  nan  1.5184982474e+01  4.4859624703e+01  nan  nan  
3.9194086500e+00  3.4529656803e-07  3.4500282355e-07  nan  nan  nan  nan  1.8427938062e+01  9.2061306893e+00  nan  nan  3.4887892866e+01  1.7429106833e+01  2.2930068249e+01  1.1455280797e+01  
3.9500000000e+00  0.0000000000e+00  0.0000000000e+00  0.0000000000e+00  0.0000000000e+00  0.0000000000e+00  0.0000000000e+00  0.0000000000e+00  0.0000000000e+00  0.0000000000e+00  0.0000000000e+00  0.0000000000e+00  0.0000000000e+00  0.0000000000e+00  0.0000000000e+00  
