#pT  dN/(2pi dy pT dpT)  dN/(2pi dy pT dpT)_err  vn{SP}  vn{SP}_err
1.0874280568e-01  3.1749092642e-02  1.0013265273e-03  -2.1003188503e-04  8.2944780819e-04  -8.5399271938e-03  7.8855456851e-03  -9.1601101746e-04  1.8923389604e-03  -1.0006200934e-03  8.8929293920e-04  -3.8499321373e-04  4.8717955984e-04  -7.8601047538e-05  4.6645160034e-04  
2.0420034834e-01  3.5127324419e-02  9.6130147784e-04  3.9646088217e-04  5.0433833956e-04  1.0616795085e-02  4.8959295170e-03  -2.0825095584e-03  1.5948218686e-03  6.9609141048e-04  7.8233557673e-04  3.5040877404e-04  3.5274618875e-04  1.5296199988e-04  3.2028729509e-04  
3.0243582302e-01  3.3851746901e-02  9.0972105921e-04  5.3437684022e-04  5.9482512756e-04  -4.3749770587e-05  3.7684050800e-03  -1.5796584555e-03  1.4608856922e-03  -3.8238823791e-04  4.6441446172e-04  2.8033500292e-04  2.4593542724e-04  -3.2996499506e-04  2.8833997337e-04  
4.0180861008e-01  3.3773471844e-02  8.6163849486e-04  1.4463588534e-04  4.2886893802e-04  2.0315728616e-03  3.0544871039e-03  -1.2156587763e-03  1.1632317573e-03  7.7117723165e-05  3.7126234890e-04  -5.3987692417e-05  2.2883910154e-04  -1.2602044693e-04  2.1249747062e-04  
5.0095630818e-01  3.1919144028e-02  8.2321453422e-04  1.3982466506e-04  3.5798465956e-04  3.7663689560e-03  3.3112394650e-03  -2.2121459683e-04  1.1718565188e-03  -5.7691910587e-05  4.4788821744e-04  6.9680453584e-05  1.8187204138e-04  1.8936656966e-04  2.2836982589e-04  
6.0100618640e-01  2.9428560299e-02  7.7141073177e-04  1.0034267705e-04  3.5885597873e-04  3.1471756131e-03  3.1246919939e-03  -1.0882593934e-04  1.0835934088e-03  1.9138156612e-04  3.2800432627e-04  -1.7645620208e-04  2.1312642106e-04  3.6700510572e-04  2.3188723789e-04  
7.0044821702e-01  2.7414371749e-02  7.1670758403e-04  3.3599488546e-04  3.7870346476e-04  6.6575060843e-03  2.8074003334e-03  2.5337673599e-04  9.0488507472e-04  5.3862196620e-06  3.6068119209e-04  -2.4498894844e-04  1.8791046875e-04  4.3003119531e-04  3.2487700998e-04  
8.0010394987e-01  2.4838294103e-02  6.7650943933e-04  9.1513079247e-04  4.5028387571e-04  1.2303118937e-02  3.3932286662e-03  2.0415428963e-03  9.3024612827e-04  3.6734605557e-04  3.8833067363e-04  2.3484442378e-04  2.1986268099e-04  -6.4760640040e-05  2.0707867356e-04  
9.0002774095e-01  2.2337327365e-02  6.3831661505e-04  8.3730718625e-04  3.5869019287e-04  1.5281307362e-02  3.9770639091e-03  9.7566592876e-04  1.0299918739e-03  -9.8442021905e-04  3.8104568324e-04  1.7272040722e-04  2.0346829208e-04  2.4040845928e-04  1.7582053449e-04  
1.0000655220e+00  2.0008160609e-02  5.8871474800e-04  1.1887789626e-03  3.7005961511e-04  1.4716212363e-02  3.6916027352e-03  1.8122162231e-03  9.4609406761e-04  -1.2797929515e-04  3.2050099013e-04  1.4262927669e-04  2.2676257357e-04  -1.7880452229e-04  1.9894944753e-04  
1.0997697216e+00  1.7079329009e-02  5.2657236555e-04  6.6819234202e-04  3.3092787455e-04  1.7130911887e-02  4.1323174027e-03  3.1980244221e-03  1.0773538594e-03  -5.5203591648e-04  5.2164464452e-04  3.6183695211e-04  1.9061334740e-04  -2.1018729282e-05  1.6343238997e-04  
1.1995249243e+00  1.4783421573e-02  4.6984789008e-04  1.0389444084e-03  4.2421852732e-04  2.2337968559e-02  4.4850249016e-03  2.2552799080e-03  9.7737810704e-04  2.1056943338e-04  3.2717174552e-04  -2.1569699092e-04  2.1962498996e-04  -3.3506690838e-04  2.0929762820e-04  
1.2989508277e+00  1.2456891113e-02  4.1271694569e-04  1.5921753725e-03  4.6811044237e-04  2.7002522364e-02  5.4033851377e-03  1.7519018302e-03  1.1044382068e-03  2.3005140484e-04  4.2656921203e-04  4.0252645150e-04  1.6650936781e-04  -1.6439013197e-04  1.9924913211e-04  
1.3992263876e+00  1.0460473580e-02  3.5938694463e-04  1.3100740554e-03  4.3915945075e-04  3.3303339773e-02  7.2617203254e-03  2.3106477063e-03  1.1137005164e-03  8.9216971783e-04  4.1342820201e-04  2.5401834957e-04  2.0188572627e-04  -2.3967797094e-04  2.3400005317e-04  
1.4993121352e+00  8.8045213325e-03  3.2131757440e-04  5.4971378955e-04  5.6381270171e-04  3.1774378650e-02  5.9647391909e-03  4.3855629224e-03  1.2569863655e-03  1.0068100505e-03  6.2368726413e-04  3.5342391207e-04  3.2807858505e-04  2.1588241652e-05  2.1576167971e-04  
1.5991130473e+00  7.2072451726e-03  2.7881376229e-04  1.5254196371e-04  4.1504909960e-04  3.8843136132e-02  7.6479600097e-03  4.1284672290e-03  1.3439921286e-03  4.2593103662e-04  5.0676162781e-04  1.2277983107e-04  2.3171259302e-04  -4.5617565419e-05  2.3321110073e-04  
1.6987246297e+00  5.9791647865e-03  2.4742880942e-04  1.4884981039e-03  5.8213275619e-04  3.5048157037e-02  7.2585169467e-03  3.9244231756e-03  1.3999936764e-03  3.6108459263e-04  5.6396719235e-04  2.3500788869e-04  2.7680834772e-04  3.4327182600e-04  2.3130907685e-04  
1.7991615673e+00  4.6870587345e-03  2.0321738681e-04  -1.4589379614e-04  5.2914272768e-04  3.6488064152e-02  7.5826401950e-03  5.8059543101e-03  1.9396046636e-03  -3.5868963164e-04  6.2752815165e-04  -1.2545730865e-04  3.2679664903e-04  1.0846608998e-05  2.8956436691e-04  
1.8984451433e+00  3.7789623205e-03  1.7087187787e-04  8.4274427110e-04  5.2923418208e-04  4.5362073261e-02  1.0528857882e-02  2.2702157464e-03  1.2096756823e-03  2.5682345651e-04  6.7006051381e-04  -3.1207278294e-06  2.4567306116e-04  -9.5667675399e-05  2.5565166722e-04  
1.9977407179e+00  3.0846939690e-03  1.4584027200e-04  1.7254906329e-04  5.2060374588e-04  4.9340768097e-02  1.0817527911e-02  4.3914376776e-03  1.8939779890e-03  6.6917813159e-04  5.1577755473e-04  2.4411840971e-04  2.8395384240e-04  2.9227272214e-04  3.0207528821e-04  
2.0984691262e+00  2.4487859394e-03  1.2633637319e-04  -1.3672010399e-03  6.9263649218e-04  4.5556846893e-02  1.0140785391e-02  7.7850525805e-03  2.3773541376e-03  9.9758569940e-04  8.8229928906e-04  -3.9958922439e-04  3.3041298973e-04  -9.8108109356e-05  2.9854646640e-04  
2.1974139221e+00  1.9000109617e-03  1.0014411845e-04  7.4422982952e-05  7.8415904246e-04  4.4889615573e-02  9.4568959284e-03  4.8975519371e-03  2.5279940430e-03  6.5788173426e-04  6.5037674141e-04  3.2481960800e-04  5.1654355221e-04  -2.6500792593e-04  3.5022519564e-04  
2.2978542982e+00  1.5383795390e-03  8.5659721172e-05  -1.0333827208e-03  8.1194873241e-04  5.5893566028e-02  1.4770744509e-02  4.2016937291e-03  2.3287712766e-03  4.3305212732e-04  6.2872262690e-04  7.4663173869e-04  6.5395487262e-04  -3.9038522265e-05  3.6331061116e-04  
2.3984640561e+00  1.2289592167e-03  7.3002544247e-05  -1.5935053739e-03  9.5762739597e-04  4.7854194901e-02  1.1898628225e-02  9.8685409460e-03  3.2611987444e-03  -3.1867573256e-04  7.3387267402e-04  -9.9543834825e-04  5.6586480578e-04  8.9588789018e-04  4.2995830848e-04  
2.4986870896e+00  9.7276350608e-04  5.8275370741e-05  -2.1829801953e-03  1.0815043051e-03  5.5679133488e-02  1.2930626277e-02  5.1822571953e-03  2.8011170868e-03  1.0016357289e-03  8.7599333311e-04  -2.6486978513e-04  5.0645033340e-04  -1.6548242177e-04  4.4277244818e-04  
2.5980525569e+00  7.5896968461e-04  4.9900907347e-05  -4.3623041784e-03  1.8980829200e-03  4.4328890378e-02  1.0654168627e-02  9.9963680430e-03  3.9718615389e-03  9.3895955356e-04  9.1240987289e-04  -3.7506446073e-04  6.3772690110e-04  6.3563965376e-04  5.0094821829e-04  
2.6990194367e+00  5.9168260988e-04  3.8684524786e-05  -2.8131424765e-03  1.1146736561e-03  4.6015818263e-02  1.2211411896e-02  9.2555742856e-03  3.0253130424e-03  3.3872700019e-03  1.4336333909e-03  2.3227546244e-04  4.8701152055e-04  1.9579927993e-04  4.8894648749e-04  
2.7995085191e+00  4.3701812256e-04  3.1560708971e-05  -3.1374683621e-03  1.7950209152e-03  3.7802898410e-02  1.2066763703e-02  1.6236661305e-02  9.0266074231e-03  -1.1683060220e-03  1.6248677687e-03  1.1385715394e-03  6.3460674840e-04  1.0535587918e-05  5.9422792964e-04  
2.8989233283e+00  3.5433810374e-04  2.5964802545e-05  -3.1845770638e-03  1.6118891357e-03  5.8855843335e-02  1.4664043136e-02  1.8597732560e-03  3.4829784262e-03  1.1285763245e-03  2.3053188950e-03  2.1717694893e-03  1.5245979984e-03  1.3716056555e-03  7.3224505641e-04  
2.9983133927e+00  2.6089371898e-04  2.0366037204e-05  -8.7473656501e-04  1.4842818822e-03  5.8397733032e-02  1.8207694816e-02  5.4031491844e-03  3.5733286040e-03  2.9898656465e-03  1.8517677736e-03  1.3991991302e-03  1.5354810659e-03  1.7373825110e-04  6.0591943909e-04  
3.0962168766e+00  1.9756948657e-04  1.5871895146e-05  -1.9262793030e-03  1.7069418738e-03  8.3638291563e-02  2.1816107007e-02  -9.4608352911e-04  3.4912791376e-03  -2.3435074961e-03  1.7921099871e-03  2.5552508636e-03  1.4173411074e-03  6.0292614297e-04  7.1665698121e-04  
3.1977988444e+00  1.5151118514e-04  1.3947082897e-05  -5.0728671803e-03  2.3205287944e-03  8.1417262337e-02  3.3504743965e-02  1.1837297623e-02  7.5332596928e-03  5.1357107927e-03  3.0135391986e-03  3.4893680231e-03  2.7793455593e-03  7.2278469581e-04  1.1283728570e-03  
3.2961935008e+00  1.0305613071e-04  9.9548651836e-06  5.8378980951e-04  2.9438310743e-03  6.1238091265e-02  2.1033831748e-02  -4.3080895447e-04  6.1184816948e-03  -5.2765838150e-03  2.9820235825e-03  9.9758452294e-04  1.8263587394e-03  3.5016925035e-04  9.3848028710e-04  
3.3974806775e+00  8.3253423358e-05  8.6240074253e-06  -2.3096180876e-03  2.3085419714e-03  1.0113615710e-01  3.2935056959e-02  8.4181768661e-03  8.2699551899e-03  1.8607029149e-03  3.6632479545e-03  -1.2308043955e-03  1.3356155789e-03  -9.5863118291e-04  1.2057985360e-03  
3.4964423055e+00  5.3415282534e-05  6.1397732117e-06  -2.3883472680e-03  3.2647932926e-03  2.6319871551e-02  2.4917444591e-02  9.6206758020e-03  1.2925681450e-02  1.5396663524e-03  3.4404934277e-03  9.0795333372e-04  1.3716166247e-03  -2.8953894576e-03  1.4244997449e-03  
3.5928125263e+00  3.8798548490e-05  5.3663721554e-06  -4.6525168419e-03  5.6302988818e-03  3.7382490817e-02  3.7408360670e-02  2.5950540088e-02  2.2756682968e-02  4.9453539021e-03  3.0458518392e-03  6.5049045816e-04  2.1221615346e-03  6.5380307360e-04  1.4040960855e-03  
3.6849297297e+00  2.2036105852e-05  3.1567474970e-06  -6.8575365146e-03  6.4124964574e-03  1.2311097631e-02  6.8976059494e-02  2.8152552394e-02  2.0607089459e-02  1.9110426067e-02  7.8676058469e-03  7.3581516112e-04  3.6179172636e-03  8.3537153004e-04  2.0233924260e-03  
3.8010225023e+00  1.1037585044e-05  2.6010173880e-06  -1.2475320519e-02  7.9137365388e-03  1.3812686230e-01  9.9045887641e-02  3.2237326451e-02  1.4393057865e-02  1.2071614074e-02  1.2643663367e-02  6.9923800029e-05  3.0257384665e-03  -1.6432939675e-03  2.9012093731e-03  
3.8970801700e+00  3.4727495992e-06  1.1944407008e-06  -1.8855429395e-04  2.1319055286e-02  2.8545188081e-01  2.4388068969e-01  -1.7774265949e-02  2.0501927025e-02  9.5365479862e-03  2.2599522018e-02  2.8923186198e-03  5.7770307263e-03  1.9453266053e-03  3.4274879266e-03  
4.0050267388e+00  5.7445539330e-06  1.5302922346e-06  -7.9217848761e-03  1.1608508488e-02  9.1351543198e-02  5.3437024626e-02  -3.0194216225e-03  1.7633759168e-02  1.2649732954e-03  9.2064897184e-03  -7.3219823592e-04  4.2239537960e-03  6.5780450041e-03  4.2712585843e-03  
