#pT  dN/(2pi dy pT dpT)  dN/(2pi dy pT dpT)_err  vn[2]  vn[2]_err
1.0989115112e-01  5.3695337506e-03  2.6433989942e-04  nan  nan  nan  nan  nan  nan  nan  nan  1.3591423538e+02  5.2053623613e+01  8.6186452354e+01  8.0286849407e+01  
2.0381125234e-01  5.5645323424e-03  2.4431327595e-04  1.2092918138e+02  5.1099104411e+01  nan  nan  9.2160738843e+01  6.7226532781e+01  1.8584925595e+02  3.4224263200e+01  nan  nan  1.1477772558e+02  5.2834390674e+01  
3.0249344946e-01  5.9847483870e-03  2.2570468021e-04  7.3618959754e+01  7.6415031052e+01  9.7706847199e+01  5.5048150394e+01  1.1280791398e+02  5.0906005254e+01  nan  nan  nan  nan  1.3662355100e+02  4.1256378508e+01  
4.0148181741e-01  5.5759723218e-03  1.7911698319e-04  5.3313163551e+00  9.1573444759e+02  nan  nan  nan  nan  9.0196635497e+01  5.2460831047e+01  nan  nan  nan  nan  
5.0152437289e-01  5.4104718688e-03  1.7642062005e-04  nan  nan  5.4271210111e+01  8.1037096461e+01  nan  nan  nan  nan  nan  nan  1.1635032940e+02  4.1577340346e+01  
6.0080422397e-01  4.8914226163e-03  1.5757988738e-04  4.8836752363e+01  9.5008076093e+01  nan  nan  1.0602658352e+02  3.9955164285e+01  nan  nan  8.6822827765e+01  4.5893418305e+01  7.0996709699e+01  5.9523034808e+01  
7.0117574729e-01  4.8418592101e-03  1.5297031381e-04  nan  nan  8.7734797422e+01  4.2345728365e+01  4.3070992139e+01  8.5388546684e+01  7.4044027135e+01  5.6561304010e+01  6.8220990121e+01  6.4195321671e+01  nan  nan  
7.9990043710e-01  4.5970860442e-03  1.4583729739e-04  1.7221187993e+00  2.0207338330e+03  4.4578327332e+01  8.1549772280e+01  1.2902916546e+01  2.9064750104e+02  9.5018785246e+01  4.3307200527e+01  nan  nan  nan  nan  
9.0128720670e-01  4.2164475929e-03  1.3400630880e-04  9.5305899686e+01  4.4892497517e+01  nan  nan  1.8544163468e+01  2.2444246621e+02  1.0108983574e+02  3.6248340830e+01  8.1174338793e+01  5.3594114443e+01  nan  nan  
1.0002287557e+00  3.7357678526e-03  1.2580086488e-04  nan  nan  5.2863486142e+01  5.4855520790e+01  nan  nan  nan  nan  nan  nan  nan  nan  
1.0992378295e+00  3.3734300313e-03  1.1516605634e-04  7.2974397563e+01  5.7332082906e+01  nan  nan  nan  nan  6.9540735018e+01  5.7741121345e+01  nan  nan  8.5286747543e+01  5.0596948589e+01  
1.1992486312e+00  2.8675318045e-03  9.8692605870e-05  nan  nan  nan  nan  3.7747594621e+01  9.7959543521e+01  3.8642415266e+01  1.0938932890e+02  nan  nan  nan  nan  
1.2989482854e+00  2.5422587422e-03  9.3005716389e-05  nan  nan  nan  nan  nan  nan  nan  nan  nan  nan  nan  nan  
1.4008474261e+00  2.2171989446e-03  8.5331684667e-05  3.5308100620e+01  1.2314569002e+02  5.3880540003e+01  9.0424623767e+01  nan  nan  nan  nan  nan  nan  nan  nan  
1.4992770015e+00  1.9624132638e-03  7.6626950889e-05  nan  nan  3.2781142731e+01  1.3969007627e+02  1.1995101306e+02  3.7496836355e+01  1.0239443309e+02  4.7223751660e+01  9.7337054703e+01  4.3695746157e+01  4.4337127665e+01  1.0694529977e+02  
1.5991391998e+00  1.6054392314e-03  6.7071505722e-05  2.9737836856e+01  1.5751263345e+02  nan  nan  1.1047659555e+02  4.3771995592e+01  nan  nan  7.6101524909e+01  5.4879470935e+01  1.2369846589e+02  3.5031956037e+01  
1.6984862337e+00  1.3234892288e-03  5.9258538838e-05  8.3842511441e+01  5.5936031731e+01  nan  nan  nan  nan  nan  nan  4.4616389094e+01  1.0396494095e+02  4.3662206002e+01  1.0958327232e+02  
1.7995829610e+00  1.1521252712e-03  5.4316150852e-05  1.2026222149e+02  4.1076577615e+01  nan  nan  nan  nan  6.4324898283e+01  7.5683056207e+01  nan  nan  1.0373210110e+02  4.8343232301e+01  
1.8991709484e+00  9.5519486395e-04  4.6729722228e-05  nan  nan  5.8098881725e+00  9.6392872155e+02  nan  nan  nan  nan  1.1336880833e+02  4.4156673395e+01  7.3888275303e+01  7.5224218190e+01  
1.9985370502e+00  7.5708110880e-04  4.0155243522e-05  5.3963714929e+01  9.4378128164e+01  7.0870149653e+01  7.8898556834e+01  nan  nan  9.5140341465e+01  5.9089493580e+01  nan  nan  8.4036888379e+01  6.6993185450e+01  
2.0962992837e+00  6.5204999790e-04  3.6686197181e-05  nan  nan  nan  nan  nan  nan  4.6268363463e+01  1.0869982900e+02  nan  nan  nan  nan  
2.1992286215e+00  5.3107178260e-04  3.0894129666e-05  4.9824429231e+01  1.1326237055e+02  nan  nan  nan  nan  nan  nan  9.5675102213e+01  5.5836650284e+01  1.5541779856e+02  3.7120659013e+01  
2.2977248128e+00  4.7061045924e-04  2.7344315072e-05  nan  nan  nan  nan  nan  nan  7.5536003390e+01  7.5891782807e+01  nan  nan  9.5803980019e+01  5.3947647718e+01  
2.3988401125e+00  3.4245238776e-04  2.1187538766e-05  1.2805700621e+02  4.1001206992e+01  8.7444123706e+01  6.4478199846e+01  9.2283069672e+01  6.4256020131e+01  nan  nan  nan  nan  nan  nan  
2.4963168895e+00  2.6510746319e-04  1.8162419259e-05  9.9237210080e+01  5.7330911294e+01  nan  nan  9.6222447610e+01  5.6712692302e+01  9.0148922391e+01  6.2294434939e+01  9.4872299179e+01  5.1688793242e+01  9.0908048432e+01  6.0017470550e+01  
2.5968557026e+00  2.1367260676e-04  1.5652946440e-05  nan  nan  5.7240848704e+01  8.4254656346e+01  8.3164990119e+01  6.4057845915e+01  nan  nan  nan  nan  3.9867638721e+01  1.2718220573e+02  
2.6986922054e+00  1.6950251853e-04  1.3016527517e-05  nan  nan  6.0835789551e+01  8.5348009933e+01  1.2348146831e+02  4.3187219510e+01  5.8279272319e+01  9.3267717790e+01  nan  nan  nan  nan  
2.7977774898e+00  1.4850395283e-04  1.3182871829e-05  6.4880302052e+01  8.3203668508e+01  nan  nan  8.1857892829e+01  6.6807480251e+01  nan  nan  1.1016174916e+02  4.5211370361e+01  nan  nan  
2.9004260636e+00  1.1151901167e-04  1.0452985068e-05  nan  nan  nan  nan  1.1941443439e+02  3.6863707621e+01  nan  nan  4.7793026914e+01  1.1222717040e+02  nan  nan  
2.9992857404e+00  8.5281881105e-05  8.2987726976e-06  nan  nan  4.8519136292e+01  8.9509333279e+01  nan  nan  nan  nan  nan  nan  nan  nan  
3.0994168190e+00  6.7244000917e-05  7.1438112257e-06  nan  nan  6.4894283341e+01  7.0872568728e+01  1.0792951794e+02  3.8923263280e+01  nan  nan  7.9615732001e+01  5.6567020162e+01  nan  nan  
3.2005663406e+00  5.5393304257e-05  6.0367563734e-06  nan  nan  8.0079485437e+01  4.7948161917e+01  nan  nan  8.4415396274e+01  4.8707909896e+01  6.9579128783e+01  5.3533989933e+01  nan  nan  
3.2964025675e+00  3.6539497675e-05  4.9186085636e-06  nan  nan  nan  nan  4.9165282301e+01  6.7435134536e+01  6.3688052565e+01  4.8420790511e+01  5.8460449423e+01  4.8614987415e+01  1.1010057616e+02  3.3366584647e+01  
3.3941185509e+00  3.5886269289e-05  4.6878995795e-06  6.3310814239e+01  5.7537338185e+01  8.9483410830e+01  3.8524836559e+01  6.6063959570e+01  6.2955212438e+01  nan  nan  7.1301232231e+01  5.2080681615e+01  nan  nan  
3.4946386595e+00  2.4010556311e-05  3.9008881202e-06  nan  nan  2.6725430930e+01  1.3319714032e+02  nan  nan  4.9863832481e+01  7.0056222502e+01  nan  nan  6.6130426629e+01  4.7885565777e+01  
3.5966516044e+00  1.6932728790e-05  3.3981513887e-06  nan  nan  1.2627938687e+01  2.2382803743e+02  nan  nan  6.7241291612e+01  3.9456384728e+01  6.2308995471e+01  3.7785201551e+01  5.5770248219e+01  4.4833771202e+01  
3.6798794115e+00  7.3554495061e-06  1.6981265473e-06  nan  nan  8.2022066622e+00  2.7045504180e+02  3.8287254748e+01  5.8252257491e+01  1.5774884895e+01  1.2023689116e+02  nan  nan  nan  nan  
3.7860121616e+00  2.1447765624e-06  8.7112255629e-07  1.5924795350e+01  8.6205213380e+01  nan  nan  4.6473566413e+01  1.2074693778e+01  2.4419614881e+01  5.8453903838e+01  nan  nan  nan  nan  
3.9052251233e+00  1.0396519911e-06  5.9871016578e-07  3.6137283121e+01  1.5078172466e+01  3.5276264160e+01  2.3722609371e+01  nan  nan  1.1825083084e+01  7.3764884277e+01  nan  nan  2.2738009570e+01  4.1836859616e+01  
3.9862801533e+00  2.0370244553e-06  8.2735795506e-07  nan  nan  5.1370493721e+01  3.2501045155e+01  5.7578758612e+01  2.7602081107e+01  4.9268487694e+01  3.0005062850e+01  nan  nan  nan  nan  
