#pT  dN/(2pi dy pT dpT)  dN/(2pi dy pT dpT)_err  vn{SP}  vn{SP}_err
1.0798092117e-01  6.7896210473e-01  1.7264944806e-02  1.9541750220e-04  3.5425650638e-04  3.4585295130e-03  2.4529814832e-03  3.6497926233e-04  5.5033328915e-04  8.0701860776e-04  2.2145507777e-03  2.2170689346e-05  1.2078502596e-04  -7.2597971188e-05  9.0831816620e-05  
2.0328316948e-01  6.7027615961e-01  1.7161703591e-02  9.5591262870e-04  6.8348644710e-04  1.9240200838e-03  1.7100206200e-03  -5.7051772196e-04  3.8948797347e-04  3.6708383307e-04  1.0533243616e-03  3.0387428939e-06  8.9657945302e-05  1.3337973118e-05  6.3943044927e-05  
3.0146218091e-01  6.0188375412e-01  1.5589574829e-02  1.5836504433e-03  1.0970696040e-03  7.5070341735e-03  4.3470759399e-03  5.3948908595e-04  3.9705739857e-04  5.9733580292e-05  3.5067492488e-04  -7.9631593339e-05  1.0322657585e-04  3.9534661500e-06  5.5810069536e-05  
4.0052292557e-01  5.1122024616e-01  1.3644737955e-02  2.2066083733e-03  1.5046284341e-03  1.2172594600e-02  6.7820422715e-03  5.7188927478e-04  3.7815536523e-04  2.3823444471e-04  6.6627284042e-04  6.6113110755e-05  8.7336033676e-05  4.5273409009e-05  5.7187808268e-05  
4.9979895090e-01  4.2178484294e-01  1.1587100654e-02  2.4392091165e-03  1.6685758367e-03  1.4631598645e-02  8.1186546941e-03  6.1070876317e-04  3.9199572304e-04  2.9262215470e-04  8.2601161265e-04  8.3604763623e-05  1.1231160393e-04  -7.2044824495e-06  5.2602320384e-05  
5.9937225636e-01  3.3343343767e-01  9.5365178108e-03  2.4751203860e-03  1.6816841878e-03  2.0210407009e-02  1.1153351453e-02  1.0615019585e-03  5.0095911164e-04  4.6768920532e-04  1.2876975020e-03  -1.6580177066e-05  7.5415909154e-05  2.0288342174e-05  5.0942577226e-05  
6.9900897428e-01  2.5940474357e-01  7.7661208052e-03  2.0948282338e-03  1.4324919796e-03  2.3458234150e-02  1.2953984235e-02  1.4213575871e-03  6.3112743622e-04  2.4621420556e-04  7.0715562783e-04  5.9286242499e-05  8.8269828543e-05  5.7180848804e-05  5.1335722689e-05  
7.9866711746e-01  1.9886029940e-01  6.2215238106e-03  1.7258034451e-03  1.1837643520e-03  2.8861603994e-02  1.5951573869e-02  1.7372813782e-03  7.2460610393e-04  4.0195510820e-04  1.1336439135e-03  2.0793698153e-04  1.2862515452e-04  7.5493804424e-05  5.6433251961e-05  
8.9860297940e-01  1.5074788452e-01  4.8898737244e-03  1.3152519277e-03  9.2789192082e-04  3.3856234552e-02  1.8740640397e-02  2.3636590106e-03  9.7226397247e-04  6.4646502702e-04  1.7652929240e-03  1.1145335706e-04  9.9580167346e-05  8.3498738881e-05  6.1300427505e-05  
9.9840739664e-01  1.1334680794e-01  3.7899098996e-03  1.5304594293e-03  1.0785123955e-03  3.7685592020e-02  2.0880092665e-02  2.5595351582e-03  1.0408834671e-03  9.8441821583e-04  2.6774217310e-03  1.2094312721e-04  1.1422383221e-04  7.0142770750e-05  6.9439883805e-05  
1.0982313610e+00  8.4597121391e-02  3.0051193603e-03  9.1744378227e-04  6.7033640842e-04  3.8220669891e-02  2.1355771461e-02  3.1606730082e-03  1.2782832699e-03  1.7984503595e-03  4.8782302036e-03  5.0934254700e-06  9.8274536796e-05  -3.8642648735e-05  7.3446205283e-05  
1.1981898229e+00  6.3398822086e-02  2.3552238347e-03  2.4268873621e-04  3.6761704017e-04  4.2234439706e-02  2.3421775790e-02  3.2061626616e-03  1.3423598830e-03  7.9276123403e-04  2.1791003522e-03  9.6498370232e-05  1.9600148181e-04  -9.0174512870e-05  7.5121133086e-05  
1.2983068687e+00  4.6721335005e-02  1.8211120792e-03  3.7931920978e-05  4.3806163714e-04  4.5604530118e-02  2.5362401744e-02  2.7603953461e-03  1.1246107038e-03  1.1266405765e-03  3.0684121760e-03  -1.7215145816e-06  1.5433293179e-04  3.7595864239e-05  7.8266059652e-05  
1.3984127854e+00  3.4663927761e-02  1.4111160606e-03  -1.0641286599e-03  8.4864284200e-04  4.7546761062e-02  2.6429501616e-02  4.2494492041e-03  1.7781958297e-03  1.0155924377e-03  2.7737446315e-03  7.1865762191e-05  1.5044269284e-04  1.0797149695e-04  1.2160615957e-04  
1.4982055815e+00  2.5775750857e-02  1.0893809576e-03  -2.0700439109e-03  1.4601050407e-03  5.5434966953e-02  3.0856229588e-02  3.5705995030e-03  1.4708727118e-03  1.6880687591e-03  4.5905248407e-03  1.4208663728e-04  1.5349116262e-04  1.2234361794e-04  9.7857883708e-05  
1.5981519678e+00  1.9296423858e-02  8.4438674017e-04  -7.9144250614e-04  7.9517878284e-04  5.3483498394e-02  2.9850390560e-02  4.8384098232e-03  2.0296355391e-03  1.3934936360e-03  3.8059407450e-03  3.4195196702e-04  2.5765965904e-04  -5.7773974825e-07  1.1435250713e-04  
1.6976403394e+00  1.4352783293e-02  6.5524124908e-04  -2.6133797243e-03  1.8130223559e-03  6.0696327383e-02  3.3891811671e-02  5.6750407580e-03  2.4731935615e-03  7.4049657008e-04  2.2386373693e-03  -2.3221393298e-04  2.2288074017e-04  -9.1327697754e-05  1.3141209548e-04  
1.7980400151e+00  1.0674583487e-02  5.1579086707e-04  -3.2689520535e-03  2.3069004927e-03  6.4390905827e-02  3.6209022566e-02  5.8687363057e-03  2.7255012976e-03  2.1020475635e-03  5.7709153431e-03  9.2851523286e-04  7.7190862162e-04  6.7967396025e-05  1.4304444794e-04  
1.8974076575e+00  7.9457949203e-03  3.9925517807e-04  -3.3916907325e-03  2.4631439512e-03  6.8939836051e-02  3.8855076614e-02  7.1462798147e-03  2.9992672135e-03  1.6356636612e-03  4.4878691713e-03  3.1916777284e-04  2.4986266572e-04  7.9022606627e-05  1.9326832836e-04  
1.9978950561e+00  6.0578286852e-03  3.3277071047e-04  -5.9793855712e-03  4.2416302055e-03  5.9565875311e-02  3.3538633818e-02  3.9782253531e-03  2.1024453140e-03  3.0455617833e-03  8.3314918859e-03  4.5528941942e-04  3.1397858074e-04  -1.5753015107e-04  2.1504506219e-04  
2.0977508101e+00  4.3663572109e-03  2.4277344407e-04  -6.7746156740e-03  4.6780847497e-03  6.2651384008e-02  3.5082644023e-02  4.9263194677e-03  2.3257917610e-03  1.8820110421e-03  5.1867802096e-03  1.7093908302e-05  3.3200860417e-04  5.1012776948e-04  2.3176763539e-04  
2.1979095016e+00  3.2825525385e-03  1.9416713778e-04  -4.8119067451e-03  3.3930663853e-03  7.4288596984e-02  4.1896275767e-02  3.6100041802e-03  1.9245315510e-03  1.0079844629e-03  2.8935117319e-03  2.2838678082e-04  3.8956649048e-04  -5.9618909591e-05  2.8847650674e-04  
2.2976719490e+00  2.4550056614e-03  1.4871076386e-04  -5.4496648505e-03  3.8547897881e-03  6.6850523971e-02  3.8545937512e-02  6.4230536646e-03  2.9509290712e-03  -4.5309310058e-04  1.5947520743e-03  -1.1609315385e-04  3.6062052361e-04  3.2173356095e-05  2.2440228132e-04  
2.3972968741e+00  1.8556270511e-03  1.2039329003e-04  -9.0395357219e-03  6.2343301820e-03  7.3792736056e-02  4.2198063027e-02  8.0563120382e-03  3.7304009726e-03  5.7567080886e-03  1.5726508415e-02  1.5390110818e-04  4.4691923069e-04  7.0248800690e-04  3.3872557005e-04  
2.4978934988e+00  1.3247006692e-03  9.2061811034e-05  -8.9237336038e-03  6.2750663879e-03  7.3049852327e-02  4.2068858696e-02  7.3774969768e-03  3.4664303388e-03  2.9725982257e-03  8.2609770978e-03  -8.6440973163e-04  1.0432350277e-03  1.3114819333e-05  3.1793396157e-04  
2.5982444978e+00  1.0526866302e-03  7.4666306905e-05  -9.3944120631e-03  6.5087179702e-03  6.6742575230e-02  3.9171645856e-02  8.0525495550e-03  3.9310439830e-03  3.3001678400e-03  9.2324140538e-03  1.0982958763e-03  7.3462886389e-04  -7.1506480266e-05  3.4947516966e-04  
2.6983389027e+00  7.7088604271e-04  5.5835569030e-05  -1.0584076522e-02  7.6554172381e-03  9.9793999302e-02  5.7186473441e-02  7.0691335818e-03  3.8438502757e-03  -2.4876065503e-03  7.0193648091e-03  -1.8655832425e-04  7.8440907518e-04  -2.1464135138e-04  3.2576636897e-04  
2.7974311975e+00  5.8586498028e-04  4.3768385511e-05  -1.1594066389e-02  8.1138588055e-03  7.9046147329e-02  4.5861176611e-02  8.6322420463e-03  4.6660785342e-03  -8.0687530063e-04  3.1625930030e-03  -9.1530562771e-05  5.8565890777e-04  8.8621114409e-04  5.2826305980e-04  
2.8979625880e+00  4.3337914801e-04  3.6002906668e-05  -1.5702718226e-02  1.1614373937e-02  6.6803886035e-02  4.1194610463e-02  1.2591836095e-02  6.6085914198e-03  -7.3745628141e-04  3.1219543802e-03  2.2139799391e-03  1.7875826808e-03  -8.5813177232e-04  5.5173610095e-04  
2.9961330886e+00  3.2612861535e-04  2.8928178328e-05  -1.3352187838e-02  1.0021902890e-02  8.4168290879e-02  5.0487896168e-02  1.3450620916e-02  7.3051078483e-03  4.2096222771e-03  1.1733696508e-02  7.6560633754e-04  9.4249161695e-04  5.3961791065e-05  5.7730738533e-04  
3.0956025853e+00  2.3739274310e-04  2.1326303491e-05  -1.4663066112e-02  1.0557124947e-02  9.6321238468e-02  6.0636292718e-02  8.7970774164e-03  6.2990069606e-03  3.3340557477e-03  9.5986667982e-03  2.3418394358e-05  1.1760705201e-03  -2.9593921888e-04  7.5286490370e-04  
3.1992653304e+00  1.7978418274e-04  1.7461185303e-05  -2.2416912185e-02  1.5790378340e-02  7.5817744888e-02  4.6789500186e-02  5.1895274285e-03  7.7315864242e-03  4.1153893162e-03  1.2654322692e-02  9.7388137287e-04  1.5704699206e-03  -6.0105995198e-04  6.7162186458e-04  
3.2974996502e+00  1.4775104208e-04  1.4048055702e-05  -1.8396243593e-02  1.4537740980e-02  3.8631169604e-02  3.0562921047e-02  1.2387186348e-02  8.2606843189e-03  4.8901873838e-03  1.3648241040e-02  1.6720365826e-03  3.3436564689e-03  9.2954792901e-05  8.0515668112e-04  
3.3982183297e+00  1.0832543355e-04  1.1123925392e-05  -1.1814706704e-02  9.5771215853e-03  6.5301860012e-02  4.8631703747e-02  8.7933140198e-03  9.4484846516e-03  -8.7889475716e-03  2.4827136999e-02  2.5241963286e-03  2.5666035928e-03  5.7538518184e-04  1.0176963058e-03  
3.4943042097e+00  8.0171949449e-05  9.2152950283e-06  -1.6755871881e-02  1.2214015356e-02  1.0904471957e-01  7.2413414263e-02  8.1472420581e-03  8.7581424881e-03  4.3120191081e-04  5.4831579930e-03  3.9293023909e-03  2.6311236747e-03  -1.0527545547e-04  1.0906272765e-03  
3.5979617772e+00  5.4541147003e-05  7.0695727562e-06  -1.6273053038e-02  1.2755723539e-02  5.4770485382e-02  6.4644435563e-02  1.7497026656e-02  1.3014400695e-02  6.0518486962e-03  1.7729721721e-02  4.0073333676e-03  5.9505204562e-03  -6.4818872979e-04  1.1309390526e-03  
3.6858633673e+00  2.3132050263e-05  3.2062213512e-06  -2.7060019924e-02  2.0931638335e-02  1.8464055353e-02  3.9896609774e-02  3.1898656664e-03  1.7438610057e-02  -1.6164120429e-02  4.7238890790e-02  5.9482939021e-03  5.9399230477e-03  2.5191229567e-03  1.7124574707e-03  
3.7983218564e+00  4.9882600133e-06  1.4102929960e-06  -2.0187734811e-02  2.5400731607e-02  3.6353241400e-02  1.4952696612e-01  -2.5128414796e-02  4.0802131118e-02  4.1033960155e-02  1.1403783793e-01  -5.2123910925e-03  1.2359253748e-02  -1.6674271394e-03  4.4592658826e-03  
3.8986592840e+00  6.9426859912e-06  1.6028332981e-06  -2.0473236876e-02  2.6280528482e-02  1.3997713831e-01  1.6368253170e-01  -2.7871959134e-02  2.5181795907e-02  4.5319779776e-03  2.0055284998e-02  2.2836262899e-03  4.4974577645e-03  -1.0719768037e-03  2.8857898549e-03  
3.9899492418e+00  3.7311106129e-06  1.1143997996e-06  -2.9230738804e-02  3.2844579615e-02  5.4000233844e-02  1.2714607292e-01  1.0888092185e-01  5.8317171359e-02  3.6391097741e-02  1.0210175326e-01  -1.3631604196e-03  6.3139216891e-03  4.8279634554e-04  4.0898486827e-03  
