#pT  dN/(2pi dy pT dpT)  dN/(2pi dy pT dpT)_err  vn[2]  vn[2]_err
1.0793554828e-01  6.8066149032e-01  1.7184664341e-02  3.5120492800e+01  1.7545276725e+01  nan  nan  nan  nan  nan  nan  3.7660673831e+01  1.8814325269e+01  3.0307579390e+01  1.5140961854e+01  
2.0327154315e-01  6.6511906932e-01  1.7063381331e-02  nan  nan  1.7011779507e+01  6.7572559263e+01  nan  nan  nan  nan  nan  nan  nan  nan  
3.0152997575e-01  5.9795249471e-01  1.5361929565e-02  nan  nan  nan  nan  nan  nan  2.5132395203e+01  1.2555498661e+01  nan  nan  2.0170038365e+01  1.0076388738e+01  
4.0044199288e-01  5.0916582712e-01  1.3630957592e-02  4.6180046713e+01  1.6330932985e+01  nan  nan  nan  nan  nan  nan  nan  nan  3.4184413703e+01  2.2161099759e+01  
4.9991164782e-01  4.1801087151e-01  1.1492312019e-02  5.5085591376e+01  1.7610033314e+01  1.7344637728e+01  2.8969480040e+01  nan  nan  nan  nan  nan  nan  3.8031931697e+01  2.8681769554e+01  
5.9938443209e-01  3.3246699494e-01  9.5418883814e-03  1.3711985852e+01  3.9260802208e+01  5.1228252520e+01  2.4316953163e+01  nan  nan  nan  nan  3.3862030727e+01  2.1779910284e+01  2.0982810811e+01  1.4573713095e+01  
6.9907371839e-01  2.5850229775e-01  7.7138256230e-03  nan  nan  nan  nan  nan  nan  nan  nan  nan  nan  1.4603456611e+01  7.2955446048e+00  
7.9877386300e-01  1.9691290984e-01  6.0984228747e-03  nan  nan  4.9585624764e+01  1.7889773922e+01  nan  nan  nan  nan  2.5982697052e+01  9.6661265561e+00  nan  nan  
8.9859163812e-01  1.4903603096e-01  4.8050034441e-03  nan  nan  4.0510988430e+01  2.1883101679e+01  nan  nan  nan  nan  nan  nan  nan  nan  
9.9840352721e-01  1.1290710468e-01  3.8401055040e-03  nan  nan  1.1322902493e+01  3.3206412340e+01  8.8535683070e+00  1.0391088728e+02  4.5053456432e+01  1.6693875783e+01  4.1793809984e+01  1.4992832535e+01  nan  nan  
1.0984200085e+00  8.4225153932e-02  2.9785988728e-03  nan  nan  5.9280636581e+01  1.7408656211e+01  nan  nan  4.5685968461e+01  2.6638106125e+01  5.8583559975e+01  1.7624484067e+01  nan  nan  
1.1981811710e+00  6.2857301752e-02  2.3101122749e-03  nan  nan  5.3960817911e+01  2.6862472463e+01  nan  nan  3.2180522706e+01  3.9368239846e+01  2.0935992433e+01  7.1702650990e+01  nan  nan  
1.2981906997e+00  4.6346796137e-02  1.7978970532e-03  2.2936915429e+01  4.5669170251e+01  nan  nan  8.2248919430e+01  1.9216977094e+01  nan  nan  nan  nan  nan  nan  
1.3981117757e+00  3.4595973017e-02  1.4021459120e-03  5.7342898972e+01  2.8431962469e+01  nan  nan  2.4214386628e+01  5.7295385871e+01  7.6502813194e+01  2.3261619039e+01  4.8779280084e+01  3.0128032522e+01  7.9492252682e+01  2.7116363924e+01  
1.4982254833e+00  2.5708781048e-02  1.0875814044e-03  nan  nan  nan  nan  nan  nan  6.4112890004e+01  2.4045713282e+01  3.6578734285e+01  5.2045738040e+01  nan  nan  
1.5981188426e+00  1.9178575728e-02  8.5958422128e-04  nan  nan  4.3199472615e+01  4.8422584745e+01  nan  nan  3.1345097924e+01  7.1565747543e+01  4.6264480218e+01  3.7498405910e+01  nan  nan  
1.6976656944e+00  1.4110052472e-02  6.6349491439e-04  6.0028830002e+01  3.6592783927e+01  3.6132226972e+01  5.5747332368e+01  8.4297489922e+01  2.5645802199e+01  7.0048270515e+01  3.9421522988e+01  5.7066409142e+01  3.4564750924e+01  6.0105665040e+01  3.8817251125e+01  
1.7979276537e+00  1.0557071613e-02  5.1367470572e-04  nan  nan  nan  nan  5.4326425192e+01  4.9869109693e+01  nan  nan  nan  nan  nan  nan  
1.8975927254e+00  7.8166444358e-03  4.0675370480e-04  5.9932713734e+01  4.1552713699e+01  5.2347316916e+01  5.9304015188e+01  5.0372565968e+01  5.5982251467e+01  nan  nan  nan  nan  nan  nan  
1.9982958728e+00  5.7522266050e-03  3.1791442529e-04  4.9955031289e+01  6.5190668254e+01  nan  nan  4.1191208414e+01  7.5366051780e+01  nan  nan  nan  nan  1.3587088683e+01  2.3892088164e+02  
2.0976505233e+00  4.3131331762e-03  2.4711641770e-04  6.5121077132e+01  5.1743875055e+01  9.4327013219e+01  3.6714224266e+01  nan  nan  7.7605397651e+01  4.7957961932e+01  nan  nan  nan  nan  
2.1976122192e+00  3.1758419438e-03  1.8931579784e-04  nan  nan  nan  nan  nan  nan  nan  nan  nan  nan  nan  nan  
2.2972845165e+00  2.4501473864e-03  1.5655233922e-04  6.3933310399e+01  6.9366181053e+01  nan  nan  nan  nan  4.4336408505e+01  8.8033343289e+01  3.6787901619e+01  1.0894937382e+02  2.8301311926e+01  1.4132964164e+02  
2.3973886654e+00  1.8262012987e-03  1.1288435727e-04  nan  nan  nan  nan  nan  nan  3.7926159207e+01  1.1111160124e+02  1.2341522976e+02  3.4044794569e+01  3.9887777260e+01  1.0336623495e+02  
2.4977425560e+00  1.3887169703e-03  9.3521130333e-05  nan  nan  nan  nan  1.2463997860e+02  3.5711209479e+01  nan  nan  1.7858369242e+01  2.6743243645e+02  nan  nan  
2.5975065165e+00  1.0128670069e-03  7.1581116849e-05  nan  nan  1.3447594077e+02  3.3617413750e+01  7.8789026468e+01  6.1656111453e+01  1.2082433802e+02  4.0770913268e+01  1.2291517678e+02  3.6901358180e+01  1.6339526607e+02  2.9154861977e+01  
2.6971529449e+00  7.6771259642e-04  5.4559305265e-05  nan  nan  6.3219742617e+01  7.4869887856e+01  6.3768759239e+01  7.9274535324e+01  nan  nan  nan  nan  1.1652029266e+02  4.5478792733e+01  
2.7985106908e+00  5.9676177823e-04  4.5206282116e-05  7.4212437457e+01  6.3733561641e+01  1.6386007088e+02  3.1182696527e+01  nan  nan  4.9588271587e+01  9.7977178854e+01  7.8811467870e+01  6.4206909136e+01  8.3911444274e+01  5.6894140410e+01  
2.8976721025e+00  4.5490690311e-04  3.4865244711e-05  1.3873872788e+02  3.8099682894e+01  2.5151079550e+01  1.8982153364e+02  1.0134971036e+02  4.8306971265e+01  4.2249776759e+01  1.1725905245e+02  nan  nan  nan  nan  
2.9969571709e+00  3.4500519289e-04  2.9685233785e-05  4.6688618610e+01  1.1166275752e+02  1.1734283364e+01  4.4356484063e+02  nan  nan  nan  nan  nan  nan  7.7047183271e+01  6.0471299159e+01  
3.0988306834e+00  2.3496178778e-04  2.2616425658e-05  nan  nan  nan  nan  nan  nan  nan  nan  8.1609162476e+01  5.5718607770e+01  nan  nan  
3.1965185381e+00  1.7570482152e-04  1.6755036346e-05  7.2797102058e+01  6.4936030958e+01  1.2724719160e+02  3.4984866906e+01  nan  nan  nan  nan  nan  nan  1.3296643946e+02  3.3267286136e+01  
3.2986974148e+00  1.4113306472e-04  1.2926766548e-05  6.9946430437e+01  7.1609883298e+01  4.7011862180e+01  1.0451947064e+02  nan  nan  nan  nan  4.8168513262e+01  9.9279570642e+01  4.5201772225e+01  1.0249509631e+02  
3.3958684597e+00  1.0122683710e-04  1.0052769287e-05  1.0024193141e+02  4.7899203840e+01  9.4871119213e+01  4.4044109365e+01  nan  nan  1.1533565438e+02  3.5106065082e+01  nan  nan  1.3175261306e+02  3.1311168984e+01  
3.4964889699e+00  7.3541798793e-05  7.7277356843e-06  nan  nan  8.8070324661e+01  4.3699104460e+01  5.7019592663e+01  6.8040065806e+01  6.6122221251e+01  6.7706269603e+01  nan  nan  nan  nan  
3.5947119870e+00  5.0449109919e-05  6.0643754389e-06  9.8870769872e+01  4.2566073336e+01  nan  nan  nan  nan  6.9350229783e+01  6.4682232779e+01  4.0122970360e+01  1.0250510584e+02  nan  nan  
3.6794758956e+00  2.5011270921e-05  3.7892941307e-06  8.0009899069e+01  3.8540416268e+01  nan  nan  2.6649188097e+01  1.0948958029e+02  8.1103681204e+01  3.2977760134e+01  nan  nan  4.6404767824e+01  7.3422184361e+01  
3.8132369921e+00  4.9687488772e-06  1.4047767600e-06  7.2203663156e+01  2.3086251310e+01  1.8062475434e+01  5.9363963108e+01  3.6104298800e+01  6.2671207864e+01  6.8377109730e+01  2.6986629458e+01  nan  nan  2.0021273634e+01  7.8337268394e+01  
3.8958806631e+00  6.6002557709e-06  1.5684611074e-06  nan  nan  nan  nan  nan  nan  nan  nan  nan  nan  nan  nan  
3.9872274400e+00  4.7519278286e-06  1.4266554763e-06  3.0897508437e+01  3.4204552883e+01  nan  nan  3.1836061157e+01  4.3784283469e+01  nan  nan  5.0309134936e+01  3.1900219541e+01  nan  nan  
