#pT  dN/(2pi dy pT dpT)  dN/(2pi dy pT dpT)_err  vn[2]  vn[2]_err
1.0798092117e-01  6.7896210473e-01  1.7264944806e-02  3.9008152147e-02  3.2320091787e-02  2.7782981885e-02  5.1988416319e-02  2.0725360778e-02  5.9721344400e-02  6.4335762417e-02  2.0659262114e-02  4.7626338186e-02  3.1901743532e-02  3.6311535894e-02  3.5380500951e-02  
2.0328316948e-01  6.7027615961e-01  1.7161703591e-02  8.5004819860e+00  1.2312412903e+02  nan  nan  nan  nan  nan  nan  nan  nan  9.6042954416e+00  3.3588678630e+01  
3.0146218091e-01  6.0188375412e-01  1.5589574829e-02  nan  nan  3.1729400177e+01  1.5851143368e+01  nan  nan  nan  nan  1.4333462812e+01  7.1606785715e+00  nan  nan  
4.0052292557e-01  5.1122024616e-01  1.3644737955e-02  3.6598922049e+01  1.8283929275e+01  3.2917080496e+01  1.6444459422e+01  nan  nan  2.9982181553e+01  1.4978277041e+01  2.8034424038e+01  1.4005298105e+01  nan  nan  
4.9979895090e-01  4.2178484294e-01  1.1587100654e-02  nan  nan  1.8086207916e+01  3.8836884563e+01  1.5141579506e+01  8.5712498003e+01  nan  nan  3.8889688850e+01  2.0297303890e+01  2.0661529290e+01  5.0609195857e+01  
5.9937225636e-01  3.3343343767e-01  9.5365178108e-03  nan  nan  nan  nan  nan  nan  4.3009603328e+01  2.7927265092e+01  4.7144355972e+01  1.4807314661e+01  nan  nan  
6.9900897428e-01  2.5940474357e-01  7.7661208052e-03  1.3358928110e+01  6.6736908940e+00  nan  nan  nan  nan  1.5135846238e+01  7.5614451212e+00  nan  nan  nan  nan  
7.9866711746e-01  1.9886029940e-01  6.2215238106e-03  nan  nan  nan  nan  3.9009076228e+01  1.9487924925e+01  nan  nan  2.1041945822e+01  1.0512064699e+01  3.9021958770e+01  1.9494360783e+01  
8.9860297940e-01  1.5074788452e-01  4.8898737244e-03  nan  nan  nan  nan  nan  nan  nan  nan  nan  nan  4.0065938238e+01  1.7669788670e+01  
9.9840739664e-01  1.1334680794e-01  3.7899098996e-03  1.6881778474e+01  4.6897843943e+01  3.5616702785e+01  2.0929928997e+01  4.3071938726e+01  1.2483643254e+01  4.9711006305e+01  1.4318318821e+01  nan  nan  nan  nan  
1.0982313610e+00  8.4597121391e-02  3.0051193603e-03  3.5386938000e+01  2.6094457942e+01  nan  nan  nan  nan  5.7179898619e+01  1.7395548786e+01  5.3509012184e+00  1.0544633266e+02  nan  nan  
1.1981898229e+00  6.3398822086e-02  2.3552238347e-03  nan  nan  2.6088553205e+01  4.8769977025e+01  nan  nan  nan  nan  3.6690144729e+01  2.5314707156e+01  4.9154159119e+01  2.1891854991e+01  
1.2983068687e+00  4.6721335005e-02  1.8211120792e-03  6.4742133282e+01  1.8208506550e+01  3.0732175662e+01  3.1974262348e+01  4.4423382935e+01  2.7945463715e+01  nan  nan  nan  nan  2.7783572377e+01  3.2223742059e+01  
1.3984127854e+00  3.4663927761e-02  1.4111160606e-03  3.4480560299e+01  4.6813926460e+01  nan  nan  nan  nan  nan  nan  nan  nan  7.6490207063e+01  1.6594341395e+01  
1.4982055815e+00  2.5775750857e-02  1.0893809576e-03  nan  nan  nan  nan  4.2408079257e+01  5.2708431525e+01  nan  nan  nan  nan  nan  nan  
1.5981519678e+00  1.9296423858e-02  8.4438674017e-04  8.3601954241e+01  2.5267944194e+01  nan  nan  5.6968458845e+01  3.1567366533e+01  nan  nan  nan  nan  7.0062564821e+01  3.0078013589e+01  
1.6976403394e+00  1.4352783293e-02  6.5524124908e-04  nan  nan  nan  nan  nan  nan  nan  nan  7.4493462653e+01  3.1630484182e+01  nan  nan  
1.7980400151e+00  1.0674583487e-02  5.1579086707e-04  nan  nan  nan  nan  nan  nan  6.5352099546e+01  4.3592348398e+01  nan  nan  8.5318241587e+01  3.1013888926e+01  
1.8974076575e+00  7.9457949203e-03  3.9925517807e-04  7.1295558993e+01  4.3587223053e+01  9.6711930824e+01  2.8398853027e+01  nan  nan  nan  nan  nan  nan  nan  nan  
1.9978950561e+00  6.0578286852e-03  3.3277071047e-04  nan  nan  6.6686960964e+01  5.1425244508e+01  6.8898713279e+01  5.3030645562e+01  nan  nan  nan  nan  nan  nan  
2.0977508101e+00  4.3663572109e-03  2.4277344407e-04  nan  nan  6.0226901307e+01  5.5192873340e+01  7.3228587191e+01  5.1315518649e+01  nan  nan  6.8699408681e+01  4.8978749997e+01  nan  nan  
2.1979095016e+00  3.2825525385e-03  1.9416713778e-04  nan  nan  nan  nan  nan  nan  9.8304176680e+01  4.4714241174e+01  nan  nan  nan  nan  
2.2976719490e+00  2.4550056614e-03  1.4871076386e-04  8.3071072195e+01  4.7910497006e+01  nan  nan  3.6879538406e+01  9.6015375189e+01  nan  nan  7.1868276691e+01  5.5972804048e+01  nan  nan  
2.3972968741e+00  1.8556270511e-03  1.2039329003e-04  1.2434186861e+02  3.4865662550e+01  5.3532690210e+01  7.2638054391e+01  8.1596886598e+01  5.3048661129e+01  nan  nan  nan  nan  7.2563581051e+01  5.0457615972e+01  
2.4978934988e+00  1.3247006692e-03  9.2061811034e-05  4.4673897216e+01  1.1087715623e+02  nan  nan  nan  nan  6.6046626266e+01  7.1340758458e+01  nan  nan  9.7650010641e+01  4.7804394164e+01  
2.5982444978e+00  1.0526866302e-03  7.4666306905e-05  1.1221062269e+02  4.2129623303e+01  nan  nan  nan  nan  nan  nan  1.1790438531e+02  4.1739136254e+01  4.0041974529e+01  1.1794054065e+02  
2.6983389027e+00  7.7088604271e-04  5.5835569030e-05  nan  nan  1.1944621244e+02  4.1633128384e+01  nan  nan  3.4314816318e+01  1.3948627203e+02  5.0273178921e+01  1.0397944152e+02  7.3460160469e+01  6.4618966200e+01  
2.7974311975e+00  5.8586498028e-04  4.3768385511e-05  9.8534002960e+01  4.6778278755e+01  1.0040141449e+02  4.5946321247e+01  nan  nan  nan  nan  nan  nan  nan  nan  
2.8979625880e+00  4.3337914801e-04  3.6002906668e-05  nan  nan  7.2428365083e+00  6.4585569130e+02  nan  nan  8.9521106493e+01  5.8034681297e+01  7.5934614193e+01  6.0633613468e+01  8.0242296058e+01  5.9109835478e+01  
2.9961330886e+00  3.2612861535e-04  2.8928178328e-05  1.0927819106e+02  3.9859838429e+01  8.7302950883e+01  5.5818040359e+01  nan  nan  2.7585151742e+01  1.8228151297e+02  9.7079070854e+01  4.9279464054e+01  nan  nan  
3.0956025853e+00  2.3739274310e-04  2.1326303491e-05  5.7371596916e+01  8.0847982588e+01  nan  nan  6.6676216542e+01  6.7548628630e+01  nan  nan  9.3450691181e+01  5.0561768660e+01  nan  nan  
3.1992653304e+00  1.7978418274e-04  1.7461185303e-05  nan  nan  nan  nan  nan  nan  9.1719414854e+01  5.2896284289e+01  4.8699144482e+01  1.0182925954e+02  5.0091105761e+01  9.3762395059e+01  
3.2974996502e+00  1.4775104208e-04  1.4048055702e-05  5.8114900977e+01  8.1499478351e+01  nan  nan  9.0691177469e+01  5.0199230165e+01  nan  nan  9.2355671731e+01  5.2809190725e+01  7.9192114944e+01  5.5842812181e+01  
3.3982183297e+00  1.0832543355e-04  1.1123925392e-05  nan  nan  nan  nan  8.0764717817e+01  5.3800041861e+01  3.0985084217e+01  1.4523513564e+02  nan  nan  nan  nan  
3.4943042097e+00  8.0171949449e-05  9.2152950283e-06  6.3880293481e+01  6.2526172171e+01  8.5453312270e+01  5.1855276992e+01  nan  nan  nan  nan  nan  nan  nan  nan  
3.5979617772e+00  5.4541147003e-05  7.0695727562e-06  6.2052483294e+01  5.9326258076e+01  1.0114274256e+02  3.7382700577e+01  nan  nan  nan  nan  7.1042391573e+01  5.1406635782e+01  nan  nan  
3.6858633673e+00  2.3132050263e-05  3.2062213512e-06  nan  nan  8.3644347259e+01  3.6260871603e+01  2.1929580848e+01  1.5378735348e+02  8.7778882220e+00  4.0919977430e+02  4.0562523584e+01  8.2385099355e+01  9.0211275600e+01  3.7077069827e+01  
3.7983218564e+00  4.9882600133e-06  1.4102929960e-06  nan  nan  nan  nan  nan  nan  nan  nan  4.5457481432e+01  2.3835271150e+01  nan  nan  
3.8986592840e+00  6.9426859912e-06  1.6028332981e-06  nan  nan  6.0330492545e+01  2.8325398954e+01  nan  nan  nan  nan  nan  nan  nan  nan  
3.9899492418e+00  3.7311106129e-06  1.1143997996e-06  nan  nan  nan  nan  nan  nan  2.8798339201e+01  6.0229081439e+01  4.2649428273e+01  3.8657475838e+01  nan  nan  
