#pT  dN/(2pi dy pT dpT)  dN/(2pi dy pT dpT)_err  vn{SP}  vn{SP}_err
1.0791594854e-01  3.2085820429e-02  1.0053446158e-03  3.3751590570e-04  7.6178149577e-04  -2.8331717805e-03  4.9680829480e-03  1.0190191094e-03  1.4583416315e-03  4.5536138984e-04  6.7426311284e-04  1.5027000296e-04  3.2230778610e-04  2.8279376863e-04  3.0188616195e-04  
2.0380470310e-01  3.4560160621e-02  9.5050042394e-04  -1.6201241384e-04  6.8103812599e-04  1.9267504334e-03  2.9862097699e-03  6.3194627778e-04  1.1266402764e-03  -4.8597671489e-04  4.2383105519e-04  3.2267076565e-04  2.1505532788e-04  -9.1089396095e-05  2.4208455136e-04  
3.0321569063e-01  3.3849983044e-02  9.0624449010e-04  1.4719095371e-03  5.9470480086e-04  -8.0946898986e-04  2.5155731176e-03  1.0505470801e-03  8.4741531756e-04  -3.7282903125e-04  3.5230867244e-04  4.0582238235e-04  1.9487525450e-04  -4.5486133536e-06  1.8093227587e-04  
4.0150666810e-01  3.3283814019e-02  8.8096211195e-04  2.4496431028e-04  4.7882788105e-04  4.7757302328e-03  2.8472314766e-03  6.2931976943e-04  7.6296218568e-04  7.8161485132e-05  3.1883533830e-04  -1.2538427451e-04  1.9364764315e-04  -1.4511129845e-04  1.6161432230e-04  
5.0154704853e-01  3.1807603998e-02  8.9366595558e-04  1.3546159837e-03  5.1360490348e-04  2.6066201341e-03  1.8763315499e-03  7.1813083013e-04  8.9442542403e-04  -1.2263016263e-04  2.6526109460e-04  2.9242196712e-04  3.6642581634e-04  1.7322457443e-04  1.5934502773e-04  
6.0070023113e-01  2.9434742139e-02  7.7305812576e-04  1.4758700612e-03  4.5724657245e-04  5.7323814566e-03  2.0823561325e-03  6.3581213015e-04  6.2756123608e-04  -4.4978662513e-04  2.7207046669e-04  -9.8177458532e-05  1.4064473752e-04  -1.9203138427e-04  1.4775995116e-04  
7.0053621157e-01  2.7422688284e-02  7.3584668759e-04  1.5932152686e-03  4.0329869149e-04  8.5220531933e-03  2.2983254191e-03  1.4187750488e-03  7.0815919149e-04  -2.1420692114e-04  1.9415711071e-04  -1.2017260992e-04  1.2348422620e-04  2.0799823163e-05  1.2924957801e-04  
8.0047221790e-01  2.4844299628e-02  6.8281194094e-04  2.3354729899e-03  4.9698331197e-04  7.0670876331e-03  2.2019171665e-03  8.9930694847e-04  6.0442544439e-04  2.4101216419e-05  2.1972611575e-04  1.9461991034e-04  1.6795205116e-04  -4.4664588990e-05  1.2091852807e-04  
8.9983671274e-01  2.2092741019e-02  6.3752831411e-04  2.0903235865e-03  4.6252361534e-04  1.1379311842e-02  2.8695363554e-03  7.5187427787e-04  5.7089399421e-04  1.4201974943e-04  2.9122144030e-04  1.8762969195e-05  1.5045949574e-04  -2.1794018386e-04  1.2563486879e-04  
9.9971110501e-01  1.9510986608e-02  5.7289866244e-04  1.6131549137e-03  4.8497088770e-04  1.3140756314e-02  2.7781555730e-03  1.5605896160e-03  6.1515633935e-04  1.4248386048e-04  2.4169927978e-04  8.9513965954e-05  1.3410543261e-04  -9.8313353130e-05  1.3404044097e-04  
1.0992954420e+00  1.6960135715e-02  5.0659416655e-04  2.3911163026e-03  5.5343386968e-04  1.4345600020e-02  2.5335244488e-03  1.7653838018e-03  6.7392917320e-04  2.5031251350e-04  2.5417313200e-04  -4.1982608601e-04  2.0225554148e-04  1.5777796175e-04  1.3991364338e-04  
1.1995500491e+00  1.4431026950e-02  4.6143896866e-04  1.9580222249e-03  5.7311347478e-04  1.5738443829e-02  2.9322409476e-03  2.7415969141e-03  9.4834368017e-04  3.4238845490e-04  2.4665308934e-04  -4.9996499750e-05  1.4425428488e-04  1.4108194973e-04  1.4436252966e-04  
1.2990675261e+00  1.2299351538e-02  4.1012378630e-04  1.6099807081e-03  4.5398784389e-04  1.6360057855e-02  3.1075485611e-03  2.3203626977e-03  8.2133821824e-04  6.8422030826e-04  3.0869537148e-04  2.3558386234e-04  1.5491217437e-04  1.4704104563e-04  1.4114666864e-04  
1.3990993442e+00  1.0566859872e-02  3.7355757073e-04  1.8076074739e-03  5.1875058574e-04  2.1205106616e-02  3.4450972282e-03  1.0857641343e-03  7.5295780479e-04  2.0195604384e-04  2.1143701447e-04  7.0191158739e-05  1.3649943818e-04  -1.6958585884e-04  1.5377935980e-04  
1.4987549896e+00  8.5937860665e-03  3.1668160266e-04  4.2005450998e-05  4.1727862508e-04  2.5432527574e-02  4.5118184950e-03  2.0735620803e-03  8.5216435045e-04  8.2948720492e-04  4.1058201879e-04  1.3144314722e-04  1.4794137354e-04  3.1218348775e-05  1.8102848680e-04  
1.5990003181e+00  7.0951850361e-03  2.7627490667e-04  6.9414666679e-04  3.8776669722e-04  2.1509947917e-02  3.8826110295e-03  2.9068333455e-03  9.5136281653e-04  2.7981785900e-04  2.8949003497e-04  1.6047760419e-04  1.8180867190e-04  3.3054629746e-05  1.6884226688e-04  
1.6990246692e+00  5.8721677260e-03  2.3850549488e-04  7.1051933796e-04  4.7956052220e-04  3.5912698984e-02  6.0941006263e-03  2.8896643776e-03  1.1179652052e-03  1.0338209022e-03  5.6519952069e-04  1.5027921535e-04  2.4650555597e-04  1.5024367471e-04  1.6062350539e-04  
1.7987644145e+00  4.7746175544e-03  2.0326394409e-04  -1.5440759852e-04  6.3798119905e-04  3.2540674994e-02  5.9165536087e-03  1.2520381582e-03  1.0904088588e-03  4.0054528359e-05  2.9752716282e-04  -3.8139429329e-05  2.6771706486e-04  2.7678938413e-04  1.7535754250e-04  
1.8988443637e+00  3.8209314588e-03  1.7610410771e-04  9.0960989673e-04  5.8754855411e-04  3.2885289889e-02  5.9729727134e-03  5.3404286168e-03  1.4418330120e-03  5.1437350389e-04  3.2107047853e-04  -1.3539777653e-04  2.0128871788e-04  8.8020469182e-05  1.9910194055e-04  
1.9990023899e+00  3.1135683884e-03  1.4277582258e-04  -1.3282665267e-03  7.5089268884e-04  3.4470785138e-02  6.4715899708e-03  4.1981499794e-03  2.0800889220e-03  5.4987813000e-05  3.8114285417e-04  7.4967558328e-04  3.3227765217e-04  1.4790731108e-04  2.2133053701e-04  
2.0986755652e+00  2.4163019092e-03  1.2273666002e-04  -1.3210062105e-03  7.4212994896e-04  4.0251888351e-02  1.0104194823e-02  3.0349524965e-03  1.4155313285e-03  -7.8573362403e-05  4.9706498674e-04  1.5102553700e-04  3.4662465865e-04  -2.9898058945e-04  2.2312192528e-04  
2.1991457157e+00  1.9120535725e-03  1.0286892543e-04  -1.0312626769e-03  7.6682543444e-04  3.9187832539e-02  7.6539776720e-03  4.1737192687e-04  1.3409822889e-03  1.0588294231e-03  5.0560352636e-04  -5.5573394262e-04  4.9054669128e-04  -2.1095238279e-05  2.7326932300e-04  
2.2984293172e+00  1.5715870274e-03  8.4867042081e-05  -2.2235415473e-03  1.0288399574e-03  3.3492639094e-02  1.0482750109e-02  3.8557284669e-03  1.7663457209e-03  1.0250806595e-03  7.8503294836e-04  -1.9250597004e-04  2.9183211476e-04  2.6994454374e-04  2.6709596950e-04  
2.3980597967e+00  1.1586219478e-03  6.8552260920e-05  -2.2157514680e-03  1.1232718509e-03  3.7943079299e-02  9.3131574527e-03  3.5564957866e-03  1.8353918633e-03  2.2093594416e-04  5.7757992107e-04  2.3186791832e-04  4.0669545413e-04  -2.0539352181e-04  3.4886673798e-04  
2.4977074529e+00  9.5201326918e-04  5.7155582842e-05  -2.8124242875e-03  1.0552266942e-03  3.4535841090e-02  8.2802446289e-03  4.5133565121e-03  1.8398748385e-03  1.2943733837e-03  8.2832786694e-04  -9.5130230303e-04  7.0615664335e-04  1.4535152205e-04  4.0397436780e-04  
2.5980372143e+00  7.3397021346e-04  4.7408112851e-05  -2.1643728391e-03  1.0760577812e-03  4.0518742651e-02  8.9239685185e-03  4.8406035261e-03  1.8699823341e-03  1.8241918256e-03  1.1358522445e-03  -1.0908208238e-04  3.4581571267e-04  -2.3444504566e-04  3.8520899310e-04  
2.6978973507e+00  5.9895158026e-04  4.1034342005e-05  -3.2015482883e-03  1.6923450466e-03  4.4540031982e-02  9.9944495625e-03  5.1346465781e-03  2.5349412307e-03  -9.4265208242e-04  7.9344761079e-04  8.9312249633e-05  4.1371776325e-04  1.1973593430e-04  3.5442267277e-04  
2.7968121165e+00  4.4276227635e-04  3.1631769181e-05  -7.1404159601e-03  2.1373761934e-03  4.3769518431e-02  1.1950924376e-02  3.8624423360e-03  2.4981106855e-03  2.2095853422e-03  1.3349086275e-03  1.2539610356e-04  5.6077966747e-04  3.5197263265e-04  4.0164471409e-04  
2.8973703840e+00  3.4565314514e-04  2.4798978807e-05  -2.5549209262e-03  1.5586063952e-03  4.8462670515e-02  1.4403108401e-02  2.0850074721e-03  2.7259986472e-03  1.4669313608e-03  1.0464626253e-03  -5.9833349802e-04  5.7190838267e-04  8.8373737491e-04  5.3460571920e-04  
2.9990494516e+00  2.5270696391e-04  2.0868956480e-05  -6.5117746453e-03  2.9789434109e-03  2.2844393626e-02  9.3763696634e-03  7.8571759472e-03  3.2625871888e-03  1.6077467797e-03  1.4122680970e-03  -2.3548006769e-04  6.8864055624e-04  7.6203122857e-05  4.9232583930e-04  
3.0993533931e+00  1.8033987471e-04  1.5627954940e-05  -5.2087587184e-03  1.9902881722e-03  6.1154281427e-02  1.7330671824e-02  1.2505296188e-02  5.2453755669e-03  3.4855487493e-03  1.8114499071e-03  -1.7206182126e-04  6.6729534829e-04  -3.2427169140e-04  6.9810545568e-04  
3.1986848414e+00  1.4046866064e-04  1.3099280246e-05  -9.1516375763e-03  3.0685819709e-03  5.9504964169e-02  1.5965134444e-02  4.9731974842e-03  6.1121776879e-03  5.1471184262e-04  1.5687800990e-03  3.2921392687e-03  2.5851941490e-03  6.1070382152e-04  6.8580033956e-04  
3.2972943175e+00  1.0712617616e-04  1.0392839681e-05  -2.2096365927e-03  2.4249324308e-03  4.1676687839e-02  1.7623673297e-02  7.1536500245e-03  4.0244193200e-03  1.3498967437e-03  1.4793292548e-03  1.0946512809e-03  1.5392529275e-03  2.1526376225e-04  8.3030511076e-04  
3.3990872128e+00  7.8834386552e-05  8.0356655227e-06  -3.4641288317e-03  2.8204074271e-03  5.9622336835e-02  2.3513544801e-02  1.2060771720e-02  6.5581143245e-03  4.9726082223e-04  3.1462566664e-03  1.7170717793e-03  1.1775890741e-03  -5.6022532134e-05  8.5301336193e-04  
3.4988433366e+00  6.4982676425e-05  7.1949265052e-06  -1.4082348137e-02  4.1292796503e-03  8.4373379442e-02  3.8512205463e-02  -1.0581660195e-02  5.7625293922e-03  5.2879151852e-03  3.4713264780e-03  -1.9167739582e-03  1.1289110891e-03  -4.4007682993e-04  9.9205496739e-04  
3.5973604695e+00  4.1759167366e-05  5.2135241870e-06  -8.8247420171e-03  4.6790717128e-03  4.6830512112e-02  2.3113972827e-02  1.3904290758e-02  7.9887082731e-03  -1.8666640019e-03  3.1340114900e-03  9.8324446959e-04  1.2858171800e-03  -9.1335998702e-04  1.2895721238e-03  
3.6885586249e+00  2.3848961703e-05  3.5537870046e-06  2.6129496861e-03  5.7947557921e-03  5.8404065501e-02  3.0194784677e-02  -5.3108089153e-03  8.2998786066e-03  5.8766589454e-03  3.8974612136e-03  2.0393639925e-03  3.0404797785e-03  -3.0557702936e-04  1.5673921374e-03  
3.8042313850e+00  7.8265176042e-06  1.6371059185e-06  -3.3707489698e-03  8.0087930165e-03  9.8869164287e-02  4.9813071816e-02  2.3180916256e-02  1.5097416771e-02  4.8672040692e-04  6.0567971173e-03  3.3107266186e-03  2.3846409369e-03  6.6016826474e-03  2.8329908468e-03  
3.9013005323e+00  7.6317842386e-06  1.6700551089e-06  -1.9903369120e-02  1.0682611818e-02  9.7081532274e-02  7.1904739606e-02  -3.2999354497e-03  1.5053277500e-02  8.2154331933e-03  6.6222061217e-03  -3.4324822860e-03  3.9208425733e-03  1.6618687321e-03  2.0387538233e-03  
4.0018859255e+00  6.0872425981e-06  1.4914081620e-06  -1.6674540622e-02  9.0357306104e-03  6.2424748922e-02  4.8672276310e-02  1.1689767553e-02  1.9774733246e-02  4.5923046433e-03  9.4910213839e-03  8.7107648792e-03  5.2755651420e-03  2.7094133000e-03  2.4950177552e-03  
