#pT  dN/(2pi dy pT dpT)  dN/(2pi dy pT dpT)_err  vn[2]  vn[2]_err
1.0791594854e-01  3.2085820429e-02  1.0053446158e-03  1.0326922897e+02  3.2561026198e+01  9.3053808701e+01  3.9798748957e+01  nan  nan  nan  nan  1.0935951860e+02  3.0513364331e+01  nan  nan  
2.0380470310e-01  3.4560160621e-02  9.5050042394e-04  nan  nan  nan  nan  7.9158332691e+01  3.1966699057e+01  nan  nan  6.1681997891e+01  3.9211654659e+01  9.0569969278e+01  2.7229342644e+01  
3.0321569063e-01  3.3849983044e-02  9.0624449010e-04  1.8525952975e+01  8.6648850174e+01  9.7350952803e+00  1.5868823124e+02  2.4780508495e+01  7.3057669467e+01  3.5107296032e+01  4.2745297913e+01  nan  nan  4.3600833331e+01  4.1365247348e+01  
4.0150666810e-01  3.3283814019e-02  8.8096211195e-04  1.8639968009e+01  4.8322231736e+01  nan  nan  4.1477742724e+01  3.2322343254e+01  4.8267722606e+01  1.9818425138e+01  2.9467380509e+01  4.5803501298e+01  3.9505640606e+01  2.7445977264e+01  
5.0154704853e-01  3.1807603998e-02  8.9366595558e-04  nan  nan  nan  nan  3.8758393168e+01  3.1317220693e+01  3.4000696056e+01  5.2578360310e+01  nan  nan  nan  nan  
6.0070023113e-01  2.9434742139e-02  7.7305812576e-04  nan  nan  nan  nan  6.5479033177e+01  2.2837678186e+01  nan  nan  nan  nan  4.4499443302e+01  2.5039859394e+01  
7.0053621157e-01  2.7422688284e-02  7.3584668759e-04  nan  nan  nan  nan  nan  nan  6.5874734485e+01  2.2726557177e+01  4.2327749476e+01  3.4857075706e+01  7.4747505902e+01  2.4115895029e+01  
8.0047221790e-01  2.4844299628e-02  6.8281194094e-04  6.3753099183e+01  2.5383819850e+01  3.4619594647e+01  3.9161393359e+01  nan  nan  6.0530786244e+01  2.5698435597e+01  nan  nan  1.6740579682e+01  9.6454641212e+01  
8.9983671274e-01  2.2092741019e-02  6.3752831411e-04  nan  nan  nan  nan  7.0015463063e+01  2.3627354306e+01  6.9337084544e+01  1.9483125239e+01  nan  nan  nan  nan  
9.9971110501e-01  1.9510986608e-02  5.7289866244e-04  7.1070366347e+01  1.2887446770e+01  nan  nan  4.5989432780e+01  3.1567228252e+01  3.2570167159e+01  5.5401918021e+01  4.1816373193e+01  4.3555208024e+01  7.0830541403e+01  2.3390555007e+01  
1.0992954420e+00  1.6960135715e-02  5.0659416655e-04  2.0068469434e+01  7.7835088046e+01  nan  nan  7.9348252753e+01  2.3567849022e+01  3.8362333581e+01  4.4316873095e+01  nan  nan  6.1507406771e+01  2.6044618415e+01  
1.1995500491e+00  1.4431026950e-02  4.6143896866e-04  6.0766912516e+01  2.7295592827e+01  nan  nan  nan  nan  5.0031786176e+01  3.6655854590e+01  4.0613122976e+01  4.2228818648e+01  5.6926898126e+01  3.9963430264e+01  
1.2990675261e+00  1.2299351538e-02  4.1012378630e-04  nan  nan  nan  nan  nan  nan  7.4045875007e+01  2.5505199820e+01  nan  nan  nan  nan  
1.3990993442e+00  1.0566859872e-02  3.7355757073e-04  nan  nan  9.3771642815e+01  2.4912625656e+01  nan  nan  7.0289929134e+01  3.4024079607e+01  nan  nan  8.4538889645e+01  2.7245155474e+01  
1.4987549896e+00  8.5937860665e-03  3.1668160266e-04  nan  nan  nan  nan  8.7593948697e+01  2.2555337719e+01  nan  nan  4.7179693875e+01  5.7863144260e+01  7.8362871233e+01  3.6624569019e+01  
1.5990003181e+00  7.0951850361e-03  2.7627490667e-04  nan  nan  4.0718076175e+01  7.3536503557e+01  nan  nan  8.6269445025e+01  3.2011473663e+01  nan  nan  1.1716522858e+02  2.5707079491e+01  
1.6990246692e+00  5.8721677260e-03  2.3850549488e-04  7.0527453093e+01  4.0221803789e+01  7.6789760510e+01  4.1862313282e+01  4.3641690396e+01  6.0765301221e+01  6.9670024419e+01  4.3290719937e+01  nan  nan  2.3690467153e+01  1.0755285508e+02  
1.7987644145e+00  4.7746175544e-03  2.0326394409e-04  4.0704914927e+01  8.2211548591e+01  nan  nan  6.0600665124e+01  5.1989411176e+01  nan  nan  4.8329154469e+01  7.4017430221e+01  nan  nan  
1.8988443637e+00  3.8209314588e-03  1.7610410771e-04  4.9658444063e+01  8.2222213078e+01  nan  nan  nan  nan  nan  nan  6.4152890874e+01  5.6319118848e+01  4.9250673503e+01  6.3887711573e+01  
1.9990023899e+00  3.1135683884e-03  1.4277582258e-04  nan  nan  4.7545712837e+01  6.9894385775e+01  5.8731988261e+01  5.9955568196e+01  nan  nan  1.1533226240e+02  3.2944541865e+01  4.7828774760e+01  7.0227730515e+01  
2.0986755652e+00  2.4163019092e-03  1.2273666002e-04  nan  nan  nan  nan  nan  nan  5.4000992979e+01  7.2075830088e+01  nan  nan  1.1744228785e+02  3.6125737333e+01  
2.1991457157e+00  1.9120535725e-03  1.0286892543e-04  nan  nan  1.1798021172e+02  3.9791451704e+01  6.5373336860e+01  5.9666309138e+01  1.2697408637e+02  3.2329623047e+01  nan  nan  7.8288783418e+01  5.8075216665e+01  
2.2984293172e+00  1.5715870274e-03  8.4867042081e-05  nan  nan  4.8928785599e+01  1.0065399132e+02  nan  nan  nan  nan  nan  nan  2.3498851702e+01  2.0363272773e+02  
2.3980597967e+00  1.1586219478e-03  6.8552260920e-05  6.3964183135e+01  6.9440777442e+01  nan  nan  nan  nan  9.5715875459e+01  3.9760639742e+01  7.9020377258e+01  5.3162695501e+01  nan  nan  
2.4977074529e+00  9.5201326918e-04  5.7155582842e-05  nan  nan  8.2546878199e+01  6.0326748581e+01  nan  nan  1.0478814353e+02  4.9169924231e+01  2.4384040509e+01  2.2011045930e+02  nan  nan  
2.5980372143e+00  7.3397021346e-04  4.7408112851e-05  nan  nan  2.7653310989e+01  1.6960123985e+02  nan  nan  nan  nan  6.5743843789e+01  7.6396069836e+01  nan  nan  
2.6978973507e+00  5.9895158026e-04  4.1034342005e-05  nan  nan  nan  nan  1.3023684332e+02  3.5765870149e+01  nan  nan  8.6405901816e+01  5.8322823529e+01  nan  nan  
2.7968121165e+00  4.4276227635e-04  3.1631769181e-05  1.1646497150e+02  4.7484416237e+01  nan  nan  nan  nan  nan  nan  9.3963735949e+01  5.7142360844e+01  nan  nan  
2.8973703840e+00  3.4565314514e-04  2.4798978807e-05  nan  nan  nan  nan  9.3331910659e+01  5.9022898739e+01  nan  nan  1.1277448049e+02  4.3847178368e+01  1.2639053649e+02  4.3187100171e+01  
2.9990494516e+00  2.5270696391e-04  2.0868956480e-05  nan  nan  nan  nan  nan  nan  nan  nan  nan  nan  1.1027420956e+02  5.1501550894e+01  
3.0993533931e+00  1.8033987471e-04  1.5627954940e-05  7.4553691639e+01  5.8801453102e+01  nan  nan  6.8280140019e+01  6.7274507176e+01  7.8135062175e+01  5.8855804924e+01  nan  nan  6.2738367115e+01  6.6342132295e+01  
3.1986848414e+00  1.4046866064e-04  1.3099280246e-05  nan  nan  nan  nan  1.0945516423e+02  4.5573315041e+01  2.4166755309e+01  1.9180762326e+02  9.2782455112e+01  5.5318655683e+01  nan  nan  
3.2972943175e+00  1.0712617616e-04  1.0392839681e-05  nan  nan  7.7073216769e+01  5.8539344636e+01  1.3021763567e+02  3.4483676773e+01  nan  nan  1.2515630091e+02  3.4830887938e+01  nan  nan  
3.3990872128e+00  7.8834386552e-05  8.0356655227e-06  1.2611668256e+02  3.2973756897e+01  nan  nan  7.7817516128e+01  5.5810688522e+01  nan  nan  9.2284331011e+01  4.8372266237e+01  5.6539143362e+01  7.8469177356e+01  
3.4988433366e+00  6.4982676425e-05  7.1949265052e-06  1.1459247644e+02  3.1424036031e+01  nan  nan  5.9956628131e+01  7.2886450354e+01  nan  nan  nan  nan  nan  nan  
3.5973604695e+00  4.1759167366e-05  5.2135241870e-06  nan  nan  8.0177927392e+01  4.9906109149e+01  6.0254366961e+01  5.5438854090e+01  nan  nan  3.3744521260e+01  9.8977823499e+01  nan  nan  
3.6885586249e+00  2.3848961703e-05  3.5537870046e-06  nan  nan  nan  nan  2.6930299175e+01  1.2167154649e+02  5.8453219678e+01  5.1065251806e+01  nan  nan  nan  nan  
3.8042313850e+00  7.8265176042e-06  1.6371059185e-06  8.9246635921e+01  2.3169612776e+01  5.4870804031e+01  3.8915101152e+01  nan  nan  7.9433976182e+01  3.0648973273e+01  8.1215693510e+01  2.7145303386e+01  7.6794762849e+01  2.9645114519e+01  
3.9013005323e+00  7.6317842386e-06  1.6700551089e-06  nan  nan  7.1328311993e+01  3.1728771231e+01  nan  nan  8.1960282631e+01  2.9229059653e+01  5.3624744563e+01  4.2809205913e+01  6.1018472730e+01  2.8398875868e+01  
4.0018859255e+00  6.0872425981e-06  1.4914081620e-06  nan  nan  nan  nan  3.2107064507e+01  4.4898783619e+01  5.8557517694e+01  2.6841414425e+01  5.2664958021e+01  4.1689549026e+01  nan  nan  
