#pT  dN/(2pi dy pT dpT)  dN/(2pi dy pT dpT)_err  vn{SP}  vn{SP}_err
1.0791594854e-01  3.2085820429e-02  1.0053446158e-03  4.9718188693e-04  8.8401701126e-04  -2.5253090978e-03  4.1102542902e-03  8.0754626917e-04  1.1398988148e-03  4.8003031437e-04  5.4035498539e-04  4.1657096929e-05  2.6258889212e-04  3.2507789150e-04  2.7877646414e-04  
2.0380470310e-01  3.4560160621e-02  9.5050042394e-04  -5.2504867155e-05  7.5023977508e-04  1.6392627607e-03  2.4661931190e-03  4.5954586618e-04  8.7567802810e-04  -2.9262067700e-04  3.3865343986e-04  1.7364991166e-04  1.8797978250e-04  -1.5112650258e-04  2.0692840485e-04  
3.0321569063e-01  3.3849983044e-02  9.0624449010e-04  1.7497879710e-03  6.5883501247e-04  -6.3481910858e-04  2.0887816024e-03  9.2493347590e-04  6.6192600684e-04  -2.6019203008e-04  2.8030877652e-04  2.1966338100e-04  1.6768328341e-04  2.7943723554e-05  1.5351436048e-04  
4.0150666810e-01  3.3283814019e-02  8.8096211195e-04  5.3753822640e-04  5.5393579439e-04  3.8699072612e-03  2.3181440607e-03  3.9021905745e-04  5.9252185653e-04  1.3516006006e-04  2.6069133489e-04  -4.9812118802e-05  1.5458884806e-04  -1.2335708971e-04  1.3381389644e-04  
5.0154704853e-01  3.1807603998e-02  8.9366595558e-04  1.7010189104e-03  5.7930670002e-04  2.3217865147e-03  1.5302790740e-03  4.6725787382e-04  6.6980767854e-04  -1.3470921421e-04  2.2185476227e-04  2.3170161757e-04  2.5978555434e-04  9.4154798858e-05  1.6306423527e-04  
6.0070023113e-01  2.9434742139e-02  7.7305812576e-04  1.8987995276e-03  5.4592465593e-04  4.8772971164e-03  1.7042761573e-03  4.8444630698e-04  4.9140916511e-04  -3.7197524140e-04  2.2191322980e-04  1.9385671051e-05  1.2098992983e-04  -1.5134838155e-04  1.2809992165e-04  
7.0053621157e-01  2.7422688284e-02  7.3584668759e-04  2.0791130330e-03  4.8032463061e-04  7.1982748964e-03  1.9050743072e-03  1.0632858641e-03  5.5000540814e-04  -1.8493427052e-04  1.5335974024e-04  -7.6273734214e-05  1.0820948555e-04  4.6844352377e-05  1.0651043718e-04  
8.0047221790e-01  2.4844299628e-02  6.8281194094e-04  2.8458275901e-03  5.8705371284e-04  5.9889832741e-03  1.8147436820e-03  6.9366284549e-04  4.7339779682e-04  1.7837217896e-05  1.7950557411e-04  1.4364241100e-04  1.2834861621e-04  -6.8375106557e-05  1.0720489430e-04  
8.9983671274e-01  2.2092741019e-02  6.3752831411e-04  2.5307606344e-03  5.4213699466e-04  9.5592666412e-03  2.3759964578e-03  5.6429812505e-04  4.4507248115e-04  1.5312042272e-04  2.3113817165e-04  1.2823807982e-04  1.2581048972e-04  -1.6558860310e-04  1.1425834249e-04  
9.9971110501e-01  1.9510986608e-02  5.7289866244e-04  1.8864079831e-03  5.4808042083e-04  1.1095085028e-02  2.3256199234e-03  1.2352340587e-03  4.8694460328e-04  1.1363525905e-04  1.9181719739e-04  1.7355613313e-05  1.2403227609e-04  -1.4603167281e-05  1.1935400548e-04  
1.0992954420e+00  1.6960135715e-02  5.0659416655e-04  2.8852459443e-03  6.3569593781e-04  1.1980206892e-02  2.1117015777e-03  1.3723664793e-03  5.2263635372e-04  1.7595257757e-04  1.9815223995e-04  -2.4337853346e-04  1.4371923591e-04  1.7932905048e-04  1.2231027845e-04  
1.1995500491e+00  1.4431026950e-02  4.6143896866e-04  2.3551047116e-03  6.4290665359e-04  1.3215205083e-02  2.4505011022e-03  2.0918965060e-03  7.0877701747e-04  2.8237117150e-04  1.9952215036e-04  -7.4338827814e-05  1.2306951827e-04  1.2596065164e-04  1.2780036589e-04  
1.2990675261e+00  1.2299351538e-02  4.1012378630e-04  1.8872814847e-03  5.2802202414e-04  1.3740375277e-02  2.5920593498e-03  1.7841365036e-03  6.3050535589e-04  4.3262884454e-04  2.3620528477e-04  1.7106449307e-04  1.4203907326e-04  1.0315503290e-04  1.2566290053e-04  
1.3990993442e+00  1.0566859872e-02  3.7355757073e-04  2.0324005287e-03  5.8616781120e-04  1.7753413210e-02  2.8695512490e-03  8.6661957915e-04  5.8399886483e-04  1.4425342354e-04  1.6985525948e-04  5.6908693677e-05  1.2852704913e-04  -1.3531035672e-04  1.3252654501e-04  
1.4987549896e+00  8.5937860665e-03  3.1668160266e-04  -2.5401490363e-05  4.6511747926e-04  2.1148992395e-02  3.7572512626e-03  1.5751831021e-03  6.6029468245e-04  5.8497720269e-04  3.1555185255e-04  1.0802378649e-04  1.3305263160e-04  -7.2497220559e-06  1.5953678344e-04  
1.5990003181e+00  7.0951850361e-03  2.7627490667e-04  8.7264920663e-04  4.6070344389e-04  1.7933613086e-02  3.2294347939e-03  2.2548261304e-03  7.4437928158e-04  1.4096711371e-04  2.2716399966e-04  1.2702952935e-04  1.5821478843e-04  -8.1109172151e-06  1.4542032222e-04  
1.6990246692e+00  5.8721677260e-03  2.3850549488e-04  7.3869312037e-04  5.5149209830e-04  2.9806687236e-02  5.0256748582e-03  2.0897691956e-03  8.4853175615e-04  8.6057983066e-04  4.1999657751e-04  1.3372484887e-04  1.8631535655e-04  2.7945439077e-05  1.4048781137e-04  
1.7987644145e+00  4.7746175544e-03  2.0326394409e-04  -4.6823117213e-04  7.3210278949e-04  2.7035309995e-02  4.8769062376e-03  1.0345477490e-03  8.4755102061e-04  -6.7037339573e-07  2.3870188407e-04  1.3741231580e-04  2.1231594282e-04  1.5219331013e-04  1.4636482332e-04  
1.8988443637e+00  3.8209314588e-03  1.7610410771e-04  6.6622081952e-04  6.4144074071e-04  2.7666989638e-02  5.0115572953e-03  4.2245609399e-03  1.1139011941e-03  3.9663411347e-04  2.6737228714e-04  -2.5227090855e-05  1.8308855673e-04  4.0124348074e-05  1.7253730716e-04  
1.9990023899e+00  3.1135683884e-03  1.4277582258e-04  -1.8545315969e-03  8.5350335094e-04  2.8652878409e-02  5.3629166483e-03  3.2418757234e-03  1.5835196468e-03  8.6727152410e-05  2.9964472094e-04  6.2146128403e-04  2.5750241048e-04  8.0523195021e-05  1.9412689799e-04  
2.0986755652e+00  2.4163019092e-03  1.2273666002e-04  -1.6945980780e-03  8.4116121714e-04  3.3239630959e-02  8.1729173156e-03  2.3173158253e-03  1.0892750922e-03  -7.9933927895e-05  4.0036889283e-04  7.5791576951e-05  2.7643565862e-04  -2.8232690465e-04  1.9440976360e-04  
2.1991457157e+00  1.9120535725e-03  1.0286892543e-04  -1.4209040642e-03  9.0045601154e-04  3.2482203192e-02  6.2835726752e-03  4.6148802215e-04  1.0373703189e-03  9.2412194717e-04  4.0423571194e-04  -3.9566175637e-04  3.6049686399e-04  -3.1236195575e-05  2.3765733351e-04  
2.2984293172e+00  1.5715870274e-03  8.4867042081e-05  -2.8130908188e-03  1.1734509828e-03  2.7519265835e-02  8.4304554242e-03  3.2993368519e-03  1.3673419449e-03  7.2091428475e-04  5.9717456684e-04  -1.9309920072e-04  2.4072591302e-04  3.6193150054e-04  2.4161686196e-04  
2.3980597967e+00  1.1586219478e-03  6.8552260920e-05  -2.7796265464e-03  1.2846348513e-03  3.1049629559e-02  7.5711743537e-03  2.8063983947e-03  1.4386080334e-03  1.5137343867e-05  4.6672878611e-04  2.5267771444e-04  3.3160455242e-04  -2.2357917835e-04  2.8874942013e-04  
2.4977074529e+00  9.5201326918e-04  5.7155582842e-05  -3.8141113813e-03  1.2484818220e-03  2.8717351377e-02  6.8327546691e-03  3.6955483587e-03  1.4611114604e-03  9.5914665719e-04  6.5161183954e-04  -7.6487912124e-04  4.9607449286e-04  2.7437620892e-04  3.5432871493e-04  
2.5980372143e+00  7.3397021346e-04  4.7408112851e-05  -3.0907068185e-03  1.3081068746e-03  3.3618462286e-02  7.3237650644e-03  3.9975354751e-03  1.4938835647e-03  1.2923439162e-03  8.4599306952e-04  5.1898361424e-05  3.2207228913e-04  -9.9513618320e-05  3.3581635053e-04  
2.6978973507e+00  5.9895158026e-04  4.1034342005e-05  -4.2164183856e-03  1.9732081454e-03  3.6766279883e-02  8.1737615816e-03  4.1891020530e-03  1.9823746124e-03  -7.3920832723e-04  6.2502037210e-04  1.3139787715e-04  3.3059407803e-04  1.0670304904e-04  3.1483688988e-04  
2.7968121165e+00  4.4276227635e-04  3.1631769181e-05  -8.6611197155e-03  2.4360691448e-03  3.6233319414e-02  9.8362455546e-03  2.8896774851e-03  1.8658871360e-03  1.7081716511e-03  9.9900946570e-04  -2.7773204932e-05  4.5371220487e-04  1.7121364923e-04  3.3760881005e-04  
2.8973703840e+00  3.4565314514e-04  2.4798978807e-05  -3.9414228034e-03  1.9038758866e-03  3.9383588129e-02  1.1608655578e-02  1.4589055974e-03  2.1166906958e-03  1.1094947775e-03  7.9799549179e-04  -4.2778412065e-04  4.4506013048e-04  8.1157328369e-04  4.8909983401e-04  
2.9990494516e+00  2.5270696391e-04  2.0868956480e-05  -8.1467873175e-03  3.3200448308e-03  1.9199129091e-02  7.8011455789e-03  6.0585227419e-03  2.5143968400e-03  1.1924607780e-03  1.0677260302e-03  -1.6369313202e-04  5.5776750954e-04  2.3211760076e-04  4.3187291431e-04  
3.0993533931e+00  1.8033987471e-04  1.5627954940e-05  -6.9501849612e-03  2.4185061328e-03  5.0280372450e-02  1.4236532356e-02  9.6210673787e-03  4.1208696833e-03  2.7044102332e-03  1.3552343844e-03  -1.6519710930e-04  5.4672216169e-04  -3.6377943947e-04  6.3141154662e-04  
3.1986848414e+00  1.4046866064e-04  1.3099280246e-05  -1.1670354014e-02  3.6235629453e-03  4.8688537394e-02  1.3068275079e-02  3.3478873040e-03  4.6616609594e-03  -8.9728664173e-07  1.1703501502e-03  2.2942844836e-03  1.7135881416e-03  4.0465542415e-04  6.0371940945e-04  
3.2972943175e+00  1.0712617616e-04  1.0392839681e-05  -2.2807744654e-03  2.8117224947e-03  3.4119866795e-02  1.4420872555e-02  5.3013487164e-03  3.0933492341e-03  1.0823716122e-03  1.2058206358e-03  7.0003559205e-04  1.1881660802e-03  5.6745269989e-04  7.3769186081e-04  
3.3990872128e+00  7.8834386552e-05  8.0356655227e-06  -3.8730232510e-03  3.1601098263e-03  4.9002812134e-02  1.9208514247e-02  9.3258937461e-03  5.1393384441e-03  4.0624760714e-04  2.3123948903e-03  9.2017878206e-04  8.8731567958e-04  -4.0046440301e-04  7.3327550784e-04  
3.4988433366e+00  6.4982676425e-05  7.1949265052e-06  -1.7436821722e-02  4.7623415662e-03  6.8444930221e-02  3.1035060297e-02  -8.7115303640e-03  4.5094832693e-03  4.0020991265e-03  2.6244852473e-03  -2.0189236794e-03  9.5940287037e-04  -2.4738984740e-04  8.6097503295e-04  
3.5973604695e+00  4.1759167366e-05  5.2135241870e-06  -1.1087922930e-02  5.4698568131e-03  3.8990137968e-02  1.9167709739e-02  1.0369225446e-02  6.0854248887e-03  -1.7938194354e-03  2.4189878298e-03  7.7044595099e-04  1.0866517961e-03  -8.0320388162e-04  1.1729897618e-03  
3.6885586249e+00  2.3848961703e-05  3.5537870046e-06  3.0689399322e-03  6.7314616479e-03  4.9005798173e-02  2.4867925032e-02  -3.8363605284e-03  6.6295113385e-03  3.9068771109e-03  3.1287164225e-03  1.3922562725e-03  2.3312556378e-03  -6.5458210776e-04  1.4510219640e-03  
3.8042313850e+00  7.8265176042e-06  1.6371059185e-06  -6.4536284237e-03  9.2915099570e-03  8.1135930942e-02  4.1000716685e-02  1.9213778481e-02  1.1913656613e-02  5.7129965751e-04  4.8358992338e-03  2.6315884916e-03  2.0119891553e-03  6.3954620725e-03  2.6336067676e-03  
3.9013005323e+00  7.6317842386e-06  1.6700551089e-06  -2.2749179537e-02  1.2093863628e-02  7.6795146908e-02  5.9177028654e-02  -2.0782982293e-03  1.1015349953e-02  7.1053923065e-03  4.9800460851e-03  -2.4958404194e-03  2.7991978204e-03  9.1522853149e-04  1.9441501734e-03  
4.0018859255e+00  6.0872425981e-06  1.4914081620e-06  -1.9769542477e-02  1.0511429934e-02  5.2419378627e-02  4.0088846061e-02  9.4856937116e-03  1.5333696114e-02  4.8863289054e-03  7.1524793393e-03  7.4067127556e-03  4.4500086753e-03  2.9771804417e-03  2.3815519872e-03  
