#pT	dN/(2pi dy pT dpT)	err(dN/(2pi dy pT dpT))	v1{SP}	v1{SP}_err	v2{SP}	v2{SP}_err	v3{SP}	v3{SP}_err	v4{SP}	v4{SP}_err	v5{SP}	v5{SP}_err	v6{SP}	v6{SP}_err
1.0835821021e-01  6.9942155738e-04  9.0639792592e-05  -3.1041694370e-04  1.6405776651e-03  -3.6273285249e-03  7.1284306628e-03  9.9460791520e-05  1.9706485736e-03  1.0313357960e-03  5.8321626899e-04  -5.2858403502e-04  4.9128700579e-04  7.3994464085e-04  5.0643660770e-04  
2.1438141610e-01  6.1865959130e-04  6.4892525815e-05  9.3875931222e-04  1.0302732385e-03  3.6444916391e-03  5.1915530640e-03  -9.5297355042e-04  1.5389051332e-03  5.7840048725e-04  5.4998043252e-04  2.4889756903e-04  4.0143253524e-04  4.7485219678e-04  3.4683498187e-04  
3.0317609848e-01  6.5619842686e-04  5.8925631229e-05  -5.5953022239e-04  1.0628618006e-03  -4.2659639460e-03  4.5133323360e-03  1.9316927119e-03  1.6382931243e-03  3.2394451657e-06  5.6998947530e-04  -2.7414914533e-04  3.1968436488e-04  -8.9482476837e-05  2.6447918430e-04  
3.9744437545e-01  5.9930668546e-04  4.9733836818e-05  2.0875658139e-04  7.4826864319e-04  2.3953174700e-03  4.1781969904e-03  1.5356821221e-03  1.2808265248e-03  5.2111210752e-05  4.8724589887e-04  -1.0588623418e-04  2.8725189772e-04  1.0615392890e-04  2.4331798051e-04  
5.0064783276e-01  6.3525535070e-04  4.4670967891e-05  2.8607544570e-04  7.4301703376e-04  -3.4851479134e-03  4.5027222301e-03  4.6817314192e-04  1.0659166048e-03  9.1368774324e-04  4.9242134456e-04  -2.6328417340e-04  2.5756983928e-04  -5.1582919699e-05  1.9622708891e-04  
5.9942826076e-01  6.4571612012e-04  4.2292348945e-05  -1.0203724727e-04  6.2098742630e-04  2.5086819390e-03  3.7695806328e-03  6.8152132452e-04  1.0292041175e-03  1.9399336386e-04  3.8543798948e-04  -2.3484050844e-04  2.4802265808e-04  -2.5951409402e-04  1.9954651801e-04  
6.9975208601e-01  5.9375459491e-04  3.6935500040e-05  -1.0041710027e-03  6.5776158902e-04  -2.1254267185e-03  3.3647363328e-03  -7.2856417394e-04  8.0574364157e-04  3.6024568213e-04  3.6986771481e-04  9.4884626459e-05  2.1745881197e-04  -1.1833383121e-04  1.8282885323e-04  
8.0110895918e-01  5.3552590451e-04  3.1428397272e-05  -1.6688748221e-04  5.6267296021e-04  4.2937206795e-03  3.1546373047e-03  -7.0096109959e-04  9.5150701345e-04  -3.0125819154e-04  3.9866002849e-04  -1.1644882346e-04  2.1355377751e-04  1.1815774234e-04  1.8372494782e-04  
9.0238681228e-01  5.6498470051e-04  3.2326485570e-05  9.7395564444e-04  5.2168310557e-04  2.8521298782e-03  3.2296399910e-03  6.7691977135e-04  8.2398569962e-04  7.1606540429e-05  4.1950023223e-04  5.2354992033e-05  1.9791209156e-04  -2.4948945890e-04  1.8312812881e-04  
9.9856448307e-01  5.2237097450e-04  2.9576947871e-05  4.4951388497e-04  4.6781994378e-04  2.8732242283e-05  2.8636127421e-03  -2.2412946620e-04  8.9032297410e-04  -1.8087992164e-04  3.1290281324e-04  8.6590479694e-05  2.2082685282e-04  -1.3131117924e-06  1.8202711208e-04  
1.0998825548e+00  4.9833514790e-04  2.8059979036e-05  9.2426755760e-04  6.3370260203e-04  -1.4715812428e-03  2.5819815159e-03  -6.2137661515e-05  8.1972159661e-04  3.4139760126e-04  3.4332758985e-04  -3.8131720225e-06  1.9266187185e-04  -6.1131125240e-05  1.5087662850e-04  
1.2011862188e+00  4.3940710608e-04  2.6116899111e-05  4.8337641722e-04  6.4785385748e-04  3.3777724627e-03  2.8929190802e-03  -2.4766991971e-04  7.6860233788e-04  5.0866974594e-05  3.3689523998e-04  -5.3011514167e-04  2.2377623387e-04  1.5627905695e-04  1.4319527409e-04  
1.3011213118e+00  3.9525613178e-04  2.2750999746e-05  4.2126953999e-04  6.1909580970e-04  5.4085095788e-03  3.2456981519e-03  -5.1746359311e-04  8.0485023160e-04  8.2217825297e-05  3.3937969898e-04  -1.0521924856e-04  3.0083250527e-04  -4.5008085592e-05  1.6584180672e-04  
1.3997343630e+00  3.7519353235e-04  2.1963223807e-05  -2.6149228790e-04  5.4804468951e-04  1.6751118846e-03  2.7879084990e-03  1.4031280931e-04  8.3902939830e-04  -2.2068269766e-04  3.6661316518e-04  6.3290155235e-05  2.2452691245e-04  -5.1423639216e-05  1.6394960612e-04  
1.5006555784e+00  3.1474381878e-04  1.9170416184e-05  1.2076539682e-04  5.3374095363e-04  -1.7712866860e-03  2.8332004502e-03  -2.3238457904e-04  1.0082530807e-03  -7.8199027656e-05  3.6761323350e-04  2.2689832007e-04  2.3615991303e-04  -4.7285538264e-05  1.5837170482e-04  
1.6033914641e+00  2.9120064856e-04  1.7716744506e-05  9.6697669193e-04  6.6029655478e-04  6.5784705499e-03  3.6804804736e-03  1.2565266359e-03  1.0060426642e-03  -2.6647003252e-04  3.8928930942e-04  2.2763514178e-05  1.8560981522e-04  1.3817994986e-04  1.6871723683e-04  
1.7005364211e+00  2.7376965875e-04  1.7082787653e-05  3.4086270896e-04  5.4760258547e-04  5.4530815790e-03  3.5320278986e-03  -2.3585740777e-05  9.0526644558e-04  5.1298679077e-05  2.9088170483e-04  -7.8297823339e-05  2.2410811518e-04  -2.4243074054e-04  1.7463172019e-04  
1.7998182469e+00  2.2708638793e-04  1.4866614566e-05  6.4765797219e-04  6.8761156400e-04  8.3239147076e-03  3.7043406463e-03  6.5645041006e-04  1.0643058756e-03  1.8985517497e-04  3.9075462211e-04  3.7570540147e-04  2.3858676916e-04  -2.0094709221e-04  1.7839946597e-04  
1.8973597319e+00  1.9187368254e-04  1.3719145433e-05  -2.0060796730e-04  6.5651400442e-04  3.0610501335e-03  3.5374144641e-03  5.1886742774e-04  1.0121308669e-03  4.3560702829e-04  4.5695580052e-04  2.6198586015e-04  2.3256617438e-04  -4.3414921148e-05  1.6953353924e-04  
1.9973551903e+00  1.6058532445e-04  1.1881247759e-05  4.6112904791e-05  8.3459976008e-04  7.9632067834e-03  4.4106356062e-03  -4.6380298954e-04  8.2510570606e-04  -6.0868975305e-06  5.9583927803e-04  -3.1902039194e-04  3.0363130699e-04  -8.9494755821e-06  1.7044041168e-04  
2.0996211981e+00  1.4245055144e-04  1.1125873966e-05  4.7223167758e-04  6.7078918641e-04  6.6667026621e-03  3.9367805581e-03  -9.5050861403e-04  9.8085604587e-04  -5.4284634696e-06  4.0710780604e-04  1.2023652348e-04  2.1403629736e-04  -4.3477656843e-05  2.0481282608e-04  
2.1983943710e+00  1.1388825400e-04  9.5923800319e-06  9.0877506604e-04  7.8318818630e-04  9.3455280272e-03  5.1025989111e-03  -1.2377485204e-03  1.0669572705e-03  6.7290254592e-04  5.1647721224e-04  3.6192307942e-04  2.7536893509e-04  -4.1055270845e-05  2.0232978254e-04  
2.2985154777e+00  1.1540415591e-04  1.0803523899e-05  -4.2747370441e-04  7.2757159418e-04  7.2592550555e-03  4.8246880071e-03  8.6813620792e-06  8.7102535386e-04  9.2497463501e-04  5.5015605320e-04  6.9968049054e-05  2.8676312709e-04  1.6518638928e-04  1.6933503399e-04  
2.4004336123e+00  7.9495441024e-05  7.7137047547e-06  5.8908222076e-04  8.5041667462e-04  1.8048945222e-02  7.5352790609e-03  1.7492598176e-03  1.7235396843e-03  5.1141871270e-06  1.0814806917e-03  1.4669645950e-04  2.3847043970e-04  -9.3074522187e-05  2.5147370455e-04  
2.4974341957e+00  7.7491629487e-05  6.9444118210e-06  -9.3384074199e-04  8.8272270958e-04  5.9466102086e-03  4.8227174655e-03  1.8393826940e-03  1.5530363460e-03  5.5423078152e-05  6.9951866540e-04  -2.8019712912e-04  3.1548490138e-04  -2.1339395962e-04  2.2771141561e-04  
2.5975466140e+00  6.2000675534e-05  6.3580086344e-06  -1.7875880958e-03  1.0437666863e-03  1.2931320702e-02  5.6769868051e-03  3.2091558514e-04  1.3082524714e-03  -2.9217376543e-04  5.9266102544e-04  4.3189068020e-04  2.8440660086e-04  2.4732020996e-05  2.7477133287e-04  
2.6997315450e+00  4.8124193221e-05  5.0709152652e-06  6.4353836766e-04  1.1737656523e-03  1.7377149906e-02  6.5247624267e-03  4.8445657586e-04  1.5221659415e-03  7.7293056821e-04  6.4610124063e-04  5.4993698752e-04  3.6053616073e-04  -2.7768577738e-04  2.8535324179e-04  
2.7958452379e+00  4.5501690904e-05  5.2353064106e-06  -4.1449323959e-04  9.9716206922e-04  1.4088525188e-02  7.2779279733e-03  1.9773022578e-03  2.1537526356e-03  1.3529768369e-04  6.8625855445e-04  4.4971724279e-04  4.1170346637e-04  2.9485592542e-04  3.0156973339e-04  
2.9036325048e+00  4.2414324312e-05  5.1252404346e-06  -5.2239173440e-04  1.7731732255e-03  1.5733752307e-02  1.0033481587e-02  2.6836197023e-03  1.8176983174e-03  5.9075508424e-04  5.7876687522e-04  4.2382476502e-04  5.7969929605e-04  -9.4131125569e-05  2.7326274600e-04  
3.0013032956e+00  3.5622961049e-05  4.8646701412e-06  -1.6208163376e-03  1.6334792952e-03  8.2106532484e-03  6.3142539530e-03  7.9929850909e-04  1.7531247551e-03  5.5107683337e-04  6.3389607751e-04  -1.3676232532e-04  3.2844526816e-04  1.5505763781e-04  2.4973187379e-04  
3.0966595115e+00  2.6659327461e-05  3.7256514237e-06  -1.6661222496e-03  1.5906509772e-03  7.3572789244e-03  5.6407950852e-03  -6.2314589144e-04  1.6726610055e-03  -2.4574359774e-03  1.1191895624e-03  -2.0974965435e-04  4.2851514701e-04  -7.1719116783e-04  3.6202573668e-04  
3.1959423406e+00  1.3127304771e-05  2.4460405077e-06  -7.2103541305e-04  2.1375425428e-03  1.7801315949e-02  8.7494928048e-03  3.1929807397e-04  2.3997119930e-03  -1.5647339605e-03  1.0395530200e-03  -1.0158775514e-04  4.4470152659e-04  -3.5282755022e-04  5.4678458778e-04  
3.2940209665e+00  1.3969001616e-05  2.7263435860e-06  -1.4347746730e-03  2.2761411590e-03  2.8812675239e-02  1.3755970318e-02  -6.6450381855e-04  2.8931168204e-03  1.2821123163e-03  1.1054488583e-03  8.4568103599e-04  4.0013308965e-04  -1.4018125467e-04  2.9498691013e-04  
3.4060056082e+00  1.7483167880e-05  2.7155680075e-06  -5.7684571221e-04  1.7872101013e-03  1.6201236036e-02  1.1920912171e-02  9.4486564899e-04  3.8122770053e-03  1.4318067820e-03  1.5515406724e-03  -6.8808121500e-04  5.5405538552e-04  -1.8018336575e-04  3.7545432876e-04  
3.4961676853e+00  1.1612930049e-05  2.3376785483e-06  -4.6404743050e-04  1.3770325732e-03  -3.0943928430e-03  1.1966477991e-02  3.4277134244e-03  3.1628365259e-03  -6.8011567609e-04  1.1172699024e-03  -1.0701553077e-03  8.4251755536e-04  5.0990628014e-04  4.6793499085e-04  
3.6017782830e+00  1.1272418121e-05  2.4486901531e-06  -1.3409520004e-03  1.3880036274e-03  2.3843066786e-03  1.0178828475e-02  5.4242720481e-03  2.6126723805e-03  5.3565704055e-04  1.2793434748e-03  1.0457945615e-03  8.0789280612e-04  1.8156016322e-04  4.1231894479e-04  
3.6696515920e+00  3.6879750734e-06  1.1562805842e-06  -1.2887861399e-03  3.5692193761e-03  3.0461266922e-02  1.4623677980e-02  -6.0118853774e-03  6.4971640877e-03  -5.2238790326e-03  3.4710526532e-03  5.6374732616e-04  1.8814506753e-03  9.2117575751e-04  1.0361270142e-03  
3.7625612100e+00  7.1938144484e-07  5.0781365983e-07  -7.6262870987e-04  6.1321842407e-03  -4.3996473258e-02  3.8789241026e-02  -1.2876602983e-02  1.2837685361e-02  -5.3827654614e-03  4.8564425856e-03  -1.0025444424e-03  1.1978586974e-03  1.6183189082e-03  1.5585703511e-03  
3.8777351900e+00  3.4900742177e-07  3.4871052046e-07  -9.0758712050e-03  9.2460242025e-03  1.4217004240e-02  1.4436603335e-02  7.2644982460e-03  7.4007187683e-03  8.4090105553e-03  8.5096837506e-03  -9.3458539760e-04  9.5378885426e-04  5.5554704607e-03  5.6506385735e-03  
3.9500000000e+00  0.0000000000e+00  0.0000000000e+00  0.0000000000e+00  0.0000000000e+00  0.0000000000e+00  0.0000000000e+00  0.0000000000e+00  0.0000000000e+00  0.0000000000e+00  0.0000000000e+00  0.0000000000e+00  0.0000000000e+00  0.0000000000e+00  0.0000000000e+00  
