#pT  dN/(2pi dy pT dpT)  dN/(2pi dy pT dpT)_err  vn{SP}  vn{SP}_err
1.0568842232e-01  1.1011188491e+01  3.1080294807e-01  nan  nan  nan  nan  -1.1807501189e-04  1.8427748257e-04  1.1016235722e-05  7.6878808196e-05  nan  nan  8.7769138078e-05  1.4815714011e-04  
2.0056644189e-01  7.8990839451e+00  2.2145340824e-01  nan  nan  nan  nan  1.5201666008e-04  1.3841316807e-04  -1.4268115818e-05  6.3683130891e-05  nan  nan  1.2737945077e-05  4.9443145452e-05  
2.9901926540e-01  5.0934020055e+00  1.4480774152e-01  nan  nan  nan  nan  3.0583937289e-04  1.5885332903e-04  2.0582859907e-05  5.6565395139e-05  nan  nan  8.0380960066e-05  1.3470777925e-04  
3.9848551080e-01  3.2879220682e+00  9.5789985831e-02  nan  nan  nan  nan  1.1463323951e-03  4.2621754989e-04  3.0207956848e-05  6.6556615781e-05  nan  nan  3.5830000802e-05  7.3776292145e-05  
4.9816571674e-01  2.1527985808e+00  6.4585318452e-02  nan  nan  nan  nan  1.6933651754e-03  5.7826326271e-04  2.6061402699e-04  1.6969605769e-04  nan  nan  -5.5283879264e-05  1.0178060212e-04  
5.9798384886e-01  1.4323569721e+00  4.4329134880e-02  nan  nan  nan  nan  1.7755661036e-03  6.4179126436e-04  2.8613664748e-04  2.1208132408e-04  nan  nan  2.9804235805e-05  8.6120759772e-05  
6.9798835824e-01  9.6273186629e-01  3.0909063901e-02  nan  nan  nan  nan  2.7630625855e-03  9.3617519499e-04  4.1972910412e-04  2.9030750514e-04  nan  nan  -5.6163439030e-06  6.0930652948e-05  
7.9787505301e-01  6.5241413249e-01  2.1747019337e-02  nan  nan  nan  nan  3.4777550304e-03  1.2128128814e-03  5.4126923612e-04  3.8079732466e-04  nan  nan  7.1597796252e-05  1.3666189145e-04  
8.9777073726e-01  4.4713603192e-01  1.5551193206e-02  nan  nan  nan  nan  3.4197069624e-03  1.1857387223e-03  5.0229855369e-04  3.5318520265e-04  nan  nan  1.9084530034e-04  3.1318901667e-04  
9.9777722248e-01  3.0938851899e-01  1.1222035468e-02  nan  nan  nan  nan  3.8704048960e-03  1.3995738238e-03  7.1449479379e-04  4.6964991910e-04  nan  nan  9.9034419821e-05  1.8201390698e-04  
1.0978922813e+00  2.1515429070e-01  8.1381678536e-03  nan  nan  nan  nan  3.9570210885e-03  1.4362086639e-03  7.6422194276e-04  4.8672319078e-04  nan  nan  2.0361078336e-04  3.3686986142e-04  
1.1977573414e+00  1.5016896657e-01  5.9412485020e-03  nan  nan  nan  nan  4.9415508251e-03  1.7279448217e-03  9.4559737999e-04  6.5832063544e-04  nan  nan  -3.5068233320e-05  1.2860184790e-04  
1.2977804614e+00  1.0645360167e-01  4.4035093583e-03  nan  nan  nan  nan  5.1347764167e-03  1.7898124384e-03  1.0259062286e-03  7.7421425201e-04  nan  nan  7.1924014465e-05  1.6855693502e-04  
1.3978069605e+00  7.4742652009e-02  3.2229629407e-03  nan  nan  nan  nan  5.7806514096e-03  2.0344631985e-03  1.1865137099e-03  7.8822112789e-04  nan  nan  9.0513104609e-05  2.3915776237e-04  
1.4976809021e+00  5.3230176882e-02  2.4115870286e-03  nan  nan  nan  nan  6.3498154179e-03  2.3177977036e-03  8.4999111910e-04  5.9987017608e-04  nan  nan  3.3724181652e-04  5.5513225183e-04  
1.5975965054e+00  3.8361412210e-02  1.7922268439e-03  nan  nan  nan  nan  5.6435169832e-03  2.1056063349e-03  1.5689033443e-03  1.0170780895e-03  nan  nan  7.0433634707e-04  1.1238235891e-03  
1.6975868564e+00  2.7142104314e-02  1.3109619711e-03  nan  nan  nan  nan  6.0082790620e-03  2.2458184273e-03  1.8092601662e-03  1.2235583092e-03  nan  nan  3.4921078001e-05  2.2619124506e-04  
1.7977301574e+00  1.9669590188e-02  9.9493282088e-04  nan  nan  nan  nan  6.6809490867e-03  2.5397178218e-03  1.9705173351e-03  1.3862770149e-03  nan  nan  -1.8357152433e-04  3.7596698169e-04  
1.8976928357e+00  1.4210423399e-02  7.4475834142e-04  nan  nan  nan  nan  6.8632504865e-03  2.5920018909e-03  1.3694202290e-03  1.0852338653e-03  nan  nan  3.4035207950e-04  6.0713959003e-04  
1.9976954709e+00  1.0443720163e-02  5.8590839177e-04  nan  nan  nan  nan  7.1803876266e-03  2.7768426408e-03  2.0659740552e-03  1.3322453051e-03  nan  nan  -1.9086207942e-06  3.8832657083e-04  
2.0978546951e+00  7.5192832558e-03  4.3262081436e-04  nan  nan  nan  nan  5.9669244327e-03  2.5627282455e-03  8.5014405398e-04  7.1359264730e-04  nan  nan  5.6626876154e-05  3.2520028422e-04  
2.1972092415e+00  5.4098381925e-03  3.2385002396e-04  nan  nan  nan  nan  1.1979388034e-02  4.6955325028e-03  1.5657025713e-03  1.1798000184e-03  nan  nan  2.6678534133e-04  6.1354061324e-04  
2.2979033988e+00  3.9913381945e-03  2.4620837827e-04  nan  nan  nan  nan  4.7027984341e-03  2.6261085279e-03  2.0515696525e-03  1.4376737330e-03  nan  nan  2.1695840791e-04  6.0088554713e-04  
2.3973181421e+00  3.0021713144e-03  1.9674248174e-04  nan  nan  nan  nan  6.6882863257e-03  3.2142093842e-03  3.9538786525e-05  8.7811332836e-04  nan  nan  9.6584314227e-04  1.5878075063e-03  
2.4984211774e+00  2.1737836466e-03  1.5372891137e-04  nan  nan  nan  nan  1.7057124901e-02  6.6263719140e-03  -1.4391984303e-05  1.2651020475e-03  nan  nan  -1.2659154202e-04  6.4950619550e-04  
2.5976702171e+00  1.5963111818e-03  1.1514199256e-04  nan  nan  nan  nan  1.3769273192e-02  6.9814921445e-03  1.9200762947e-03  1.7057969080e-03  nan  nan  1.1836520664e-03  1.9778507129e-03  
2.6967831358e+00  1.1828409975e-03  8.9793159082e-05  nan  nan  nan  nan  9.9848167380e-03  4.9033940497e-03  2.0204877676e-03  2.6401191888e-03  nan  nan  5.5313145129e-04  1.1452714314e-03  
2.7971955013e+00  8.6556628038e-04  6.7656121185e-05  nan  nan  nan  nan  4.0850456572e-03  4.1203891786e-03  2.1220858677e-03  2.5332870367e-03  nan  nan  1.4648734439e-03  2.4844939478e-03  
2.8983722366e+00  6.2709691113e-04  4.8457145268e-05  nan  nan  nan  nan  9.0853332073e-03  4.5855599092e-03  3.3703093522e-03  2.4649153568e-03  nan  nan  -4.7232292684e-04  1.2503535402e-03  
2.9968862683e+00  4.5023339686e-04  4.0523611582e-05  nan  nan  nan  nan  4.9826609102e-03  4.6817015829e-03  2.3129196517e-03  3.0516675927e-03  nan  nan  2.7003908703e-03  4.4697989114e-03  
3.0961194947e+00  3.5100284882e-04  2.9898067931e-05  nan  nan  nan  nan  9.1220389428e-03  6.8817905424e-03  5.4933124045e-03  3.9263503805e-03  nan  nan  3.2061615414e-03  5.1684663609e-03  
3.1983086056e+00  2.5671138234e-04  2.4356566280e-05  nan  nan  nan  nan  1.0457619168e-02  7.5483692003e-03  4.0218495531e-03  3.4023927075e-03  nan  nan  5.4914058073e-04  1.6721989252e-03  
3.2984409405e+00  1.9899668247e-04  2.1157278075e-05  nan  nan  nan  nan  1.6929786301e-02  9.2360323441e-03  3.0667842398e-03  4.3741114608e-03  nan  nan  1.1187655693e-03  2.1652172318e-03  
3.3980270138e+00  1.3461786021e-04  1.4761589191e-05  nan  nan  nan  nan  5.7543123971e-03  1.1072271619e-02  -4.5494576673e-03  4.2984480288e-03  nan  nan  -1.0350064499e-03  2.5540837700e-03  
3.4972097247e+00  9.4810670277e-05  1.0447925634e-05  nan  nan  nan  nan  2.9651870279e-02  1.7551761732e-02  1.4578603694e-05  3.8358553071e-03  nan  nan  -3.6728335183e-03  6.1420285827e-03  
3.5975644338e+00  6.7713729430e-05  8.1111614967e-06  nan  nan  nan  nan  3.9612307315e-03  1.0307847534e-02  3.7807046819e-03  4.4005359655e-03  nan  nan  -1.1136845579e-03  3.2630380265e-03  
3.6803917132e+00  3.9346177191e-05  6.1259420188e-06  nan  nan  nan  nan  -7.1749895349e-03  1.4792975005e-02  -6.4184658005e-03  5.7377282068e-03  nan  nan  3.9109803069e-03  7.2894979713e-03  
3.7923086085e+00  1.2133554774e-05  2.2008741863e-06  nan  nan  nan  nan  -5.7111264669e-03  2.6067291129e-02  -1.3634301573e-02  1.4259381694e-02  nan  nan  1.0532965438e-05  5.1011412846e-03  
3.9002791717e+00  1.0409703773e-05  2.0372010955e-06  nan  nan  nan  nan  1.0564619641e-03  2.0733899567e-02  2.8008377580e-02  2.3667981424e-02  nan  nan  4.5538913428e-03  1.0426386649e-02  
3.9926404192e+00  8.4740811710e-06  1.9155794922e-06  nan  nan  nan  nan  7.3832354023e-02  4.6660521629e-02  -8.4609949150e-03  1.0164664329e-02  nan  nan  -2.3439184250e-03  6.9471324173e-03  
