#pT  dN/(2pi dy pT dpT)  dN/(2pi dy pT dpT)_err  vn[2]  vn[2]_err
1.0568842232e-01  1.1011188491e+01  3.1080294807e-01  nan  nan  nan  nan  nan  nan  3.8414710991e+01  1.9191009800e+01  3.0846605417e+01  1.5410191102e+01  2.9433747839e+01  1.4704367634e+01  
2.0056644189e-01  7.8990839451e+00  2.2145340824e-01  nan  nan  3.5349883211e+01  2.0093098986e+01  nan  nan  4.8446985895e+01  1.7590352006e+01  2.3618827376e+01  1.1076581013e+01  3.8075512762e+01  1.4910693297e+01  
2.9901926540e-01  5.0934020055e+00  1.4480774152e-01  nan  nan  nan  nan  7.4965945452e-01  8.6166343783e+02  3.8232379130e+01  1.5665840919e+01  4.2287144567e+01  2.4896564527e+01  5.8444237888e+01  1.9636961757e+01  
3.9848551080e-01  3.2879220682e+00  9.5789985831e-02  2.2498533796e+01  1.1239702969e+01  nan  nan  nan  nan  3.0970830846e+01  1.5472240720e+01  nan  nan  nan  nan  
4.9816571674e-01  2.1527985808e+00  6.4585318452e-02  nan  nan  5.0654134636e+01  1.4744805173e+01  6.3181017987e+01  1.9209834757e+01  nan  nan  5.6977866756e+00  1.5594643796e+02  nan  nan  
5.9798384886e-01  1.4323569721e+00  4.4329134880e-02  3.9131248356e+01  1.9549000476e+01  2.4075601398e+01  1.2027489874e+01  nan  nan  3.5772522480e+01  1.7871054581e+01  nan  nan  3.7488303518e+01  1.8728194576e+01  
6.9798835824e-01  9.6273186629e-01  3.0909063901e-02  6.9164282174e+00  3.4551383744e+00  nan  nan  9.0797358921e+00  4.5360479515e+00  1.0909303041e+01  5.4501149142e+00  1.8727442915e+01  9.3558181251e+00  3.7685833082e+01  1.8826904552e+01  
7.9787505301e-01  6.5241413249e-01  2.1747019337e-02  3.1897479898e+01  1.1370506318e+01  2.7880819601e+01  1.9885136229e+01  4.6395964029e+01  1.6882228112e+01  nan  nan  4.3106600164e+01  1.7624897050e+01  nan  nan  
8.9777073726e-01  4.4713603192e-01  1.5551193206e-02  4.4828837996e+01  1.9449045654e+01  4.4392815975e+01  1.5886775905e+01  nan  nan  nan  nan  nan  nan  nan  nan  
9.9777722248e-01  3.0938851899e-01  1.1222035468e-02  6.1163207803e-02  2.0413657342e-02  3.1940786289e-02  4.9961609604e-02  2.0602936196e-02  5.3228719052e-02  6.1978473061e-02  2.4831896486e-02  4.9958998846e-02  2.5403031403e-02  4.7412567463e-02  3.2635019333e-02  
1.0978922813e+00  2.1515429070e-01  8.1381678536e-03  3.2266574036e+01  3.1425059614e+01  nan  nan  3.8566266860e+01  2.2491174062e+01  5.8122829389e+01  1.7314406820e+01  nan  nan  nan  nan  
1.1977573414e+00  1.5016896657e-01  5.9412485020e-03  nan  nan  5.7702292984e+01  2.0177965667e+01  3.8943183129e+00  2.4242422618e+02  6.7723093111e+01  2.0388210510e+01  3.7930700848e+01  2.2372989590e+01  nan  nan  
1.2977804614e+00  1.0645360167e-01  4.4035093583e-03  nan  nan  3.3089217448e+01  3.7142609762e+01  3.4453737318e+01  3.2035153585e+01  nan  nan  4.2724449517e+01  1.3178801440e+01  5.7880074041e+01  2.3664637473e+01  
1.3978069605e+00  7.4742652009e-02  3.2229629407e-03  nan  nan  nan  nan  1.5618591967e+01  6.9165934326e+01  2.2856897744e+01  6.2989217381e+01  nan  nan  2.5079820361e+01  2.2368696739e+01  
1.4976809021e+00  5.3230176882e-02  2.4115870286e-03  nan  nan  2.0331456405e+01  3.8604238262e+01  nan  nan  nan  nan  nan  nan  nan  nan  
1.5975965054e+00  3.8361412210e-02  1.7922268439e-03  5.5390511930e+01  2.8380818756e+01  nan  nan  nan  nan  nan  nan  nan  nan  5.6349052038e+01  4.3213042895e+01  
1.6975868564e+00  2.7142104314e-02  1.3109619711e-03  8.1312216094e+01  2.7774294390e+01  9.2144309851e+01  2.7966643353e+01  nan  nan  7.4889067790e+01  2.7995350593e+01  nan  nan  nan  nan  
1.7977301574e+00  1.9669590188e-02  9.9493282088e-04  nan  nan  nan  nan  nan  nan  3.6194099640e+01  6.0914409901e+01  nan  nan  nan  nan  
1.8976928357e+00  1.4210423399e-02  7.4475834142e-04  6.3537744333e+01  2.4120585672e+01  3.4768361107e+01  5.4570958834e+01  nan  nan  7.3478243801e+01  3.0077471016e+01  1.3028871746e+01  1.9862849047e+02  nan  nan  
1.9976954709e+00  1.0443720163e-02  5.8590839177e-04  nan  nan  nan  nan  6.5697792665e+01  4.3703413427e+01  1.0706740849e+02  3.0993665723e+01  7.6450980143e+01  3.6552635216e+01  9.5298183486e+01  3.0994979501e+01  
2.0978546951e+00  7.5192832558e-03  4.3262081436e-04  5.9638902684e+01  4.6672644754e+01  7.9289942578e+01  3.4848036399e+01  8.3399913271e+01  4.0263665540e+01  7.4291135147e+01  4.2086290969e+01  5.4552500307e+01  5.6121878935e+01  nan  nan  
2.1972092415e+00  5.4098381925e-03  3.2385002396e-04  nan  nan  3.9076768912e+01  9.1618573330e+01  nan  nan  3.5514444216e+01  9.2119963991e+01  nan  nan  5.7180356524e+01  5.6070122021e+01  
2.2979033988e+00  3.9913381945e-03  2.4620837827e-04  nan  nan  nan  nan  nan  nan  nan  nan  5.5615261227e+01  6.7616469137e+01  6.7718616076e+01  5.6233636660e+01  
2.3973181421e+00  3.0021713144e-03  1.9674248174e-04  1.0621397860e+02  3.7406688671e+01  6.8488931723e+01  5.1016462526e+01  5.6977387110e+01  6.8518513873e+01  7.6815720417e+01  4.9239191683e+01  nan  nan  nan  nan  
2.4984211774e+00  2.1737836466e-03  1.5372891137e-04  nan  nan  4.9529669637e+01  8.1663277069e+01  7.0917726368e+01  6.0829378865e+01  nan  nan  nan  nan  6.4074254472e+01  6.8843910526e+01  
2.5976702171e+00  1.5963111818e-03  1.1514199256e-04  nan  nan  nan  nan  1.1655097252e+02  3.3712458500e+01  nan  nan  6.9508015780e+01  6.2504091649e+01  nan  nan  
2.6967831358e+00  1.1828409975e-03  8.9793159082e-05  nan  nan  1.1335906079e+02  4.2326941222e+01  nan  nan  nan  nan  nan  nan  8.3566785348e+01  6.2378350925e+01  
2.7971955013e+00  8.6556628038e-04  6.7656121185e-05  nan  nan  1.1805281703e+02  4.0896545677e+01  1.1285069932e+02  4.2737393990e+01  1.1664550030e+02  4.0303428353e+01  6.5082743857e+01  7.2843590336e+01  nan  nan  
2.8983722366e+00  6.2709691113e-04  4.8457145268e-05  nan  nan  nan  nan  9.0669204869e+01  5.0041273952e+01  nan  nan  nan  nan  nan  nan  
2.9968862683e+00  4.5023339686e-04  4.0523611582e-05  nan  nan  nan  nan  nan  nan  8.2114910715e+01  6.9608479356e+01  nan  nan  nan  nan  
3.0961194947e+00  3.5100284882e-04  2.9898067931e-05  1.4759267915e+02  3.5879472629e+01  nan  nan  nan  nan  nan  nan  nan  nan  1.7181703357e+02  2.9624129107e+01  
3.1983086056e+00  2.5671138234e-04  2.4356566280e-05  nan  nan  nan  nan  1.1918236647e+02  4.5659215575e+01  7.4279194947e+01  6.6816184594e+01  nan  nan  9.1827904435e+01  5.0217815692e+01  
3.2984409405e+00  1.9899668247e-04  2.1157278075e-05  8.1766566513e+01  5.7034711676e+01  4.3018079325e+01  9.9858518540e+01  nan  nan  nan  nan  3.6527471489e+01  1.3534739049e+02  nan  nan  
3.3980270138e+00  1.3461786021e-04  1.4761589191e-05  1.4264907506e+02  3.3936414974e+01  9.9916011840e+01  4.4462186103e+01  3.7583772835e+01  1.1763226333e+02  2.5100391566e+01  1.8114674830e+02  5.6036508819e+01  8.3014129996e+01  nan  nan  
3.4972097247e+00  9.4810670277e-05  1.0447925634e-05  1.1895743830e+02  3.5553458354e+01  9.2486401055e+01  4.5028657807e+01  nan  nan  5.4813204496e+01  6.6453418476e+01  nan  nan  nan  nan  
3.5975644338e+00  6.7713729430e-05  8.1111614967e-06  7.1942236744e+01  5.9962508233e+01  1.2485787231e+01  2.6476025527e+02  nan  nan  9.2436567839e+01  4.4660800717e+01  8.3596584039e+01  5.8749540229e+01  nan  nan  
3.6803917132e+00  3.9346177191e-05  6.1259420188e-06  4.9847206418e+01  7.4336579661e+01  2.2868609770e+01  1.6497696937e+02  1.0782296779e+02  2.9947891689e+01  1.2393964008e+02  2.6344640773e+01  1.0010184827e+02  3.0226299631e+01  nan  nan  
3.7923086085e+00  1.2133554774e-05  2.2008741863e-06  nan  nan  2.9285254472e+01  9.7955155739e+01  nan  nan  4.9144357770e+01  4.7374704927e+01  nan  nan  nan  nan  
3.9002791717e+00  1.0409703773e-05  2.0372010955e-06  3.5435700080e+01  6.7454191505e+01  nan  nan  9.4447665729e+01  2.6416893552e+01  5.6467714192e+01  3.9380491382e+01  3.1180575807e+01  8.9606129930e+01  nan  nan  
3.9926404192e+00  8.4740811710e-06  1.9155794922e-06  7.7463008302e+01  3.2707994463e+01  7.7909008982e+01  2.6575142261e+01  1.0744012570e+01  1.5728686303e+02  nan  nan  nan  nan  nan  nan  
