#pT  dN/(2pi dy pT dpT)  dN/(2pi dy pT dpT)_err  vn{SP}  vn{SP}_err
1.0832531495e-01  9.8611264846e-02  2.5173714776e-03  -6.6774867266e-04  9.3096486673e-04  2.7886101735e-03  3.2677762911e-03  -1.8683603422e-04  1.2720793987e-03  -1.1596142375e-04  4.7992976239e-04  8.5923701068e-05  2.2565694462e-04  -3.9719817897e-04  3.2499368884e-04  
2.0393900274e-01  1.0106312202e-01  2.5157366343e-03  -1.7934363463e-04  5.5277113916e-04  -2.3816713567e-03  2.5071111875e-03  -2.7918920561e-04  8.9385657924e-04  -2.1344245066e-04  2.8136111666e-04  5.9048842931e-05  1.9466088521e-04  -2.2763657137e-04  2.1972441674e-04  
3.0236833974e-01  9.9036062589e-02  2.4261922224e-03  3.7916305710e-04  6.0215130782e-04  1.1201383849e-03  2.0570542986e-03  5.4182693252e-04  7.0984817352e-04  -4.8554048844e-05  3.1605972103e-04  1.7156428698e-04  1.5290839894e-04  -5.8988682253e-05  1.9873416906e-04  
4.0160174628e-01  9.4585228535e-02  2.3357990780e-03  6.1050685529e-04  5.3217708901e-04  4.9517467257e-04  1.9009647696e-03  -1.6469026630e-04  7.2632917554e-04  -1.6813048262e-04  2.0617470446e-04  3.8278650294e-05  1.1031850854e-04  1.0309881648e-04  1.4164944641e-04  
5.0098444646e-01  8.8395109685e-02  2.1958135970e-03  1.2034600733e-03  8.3518598870e-04  5.6919459420e-03  1.7425566956e-03  1.1039398070e-03  6.3564993169e-04  2.6174945581e-06  2.3119395824e-04  1.1012693083e-04  1.1234054592e-04  -4.0347549248e-05  1.4003073211e-04  
6.0056303477e-01  8.1614259271e-02  2.0823561198e-03  1.9926507456e-03  1.2412571257e-03  6.3533588333e-03  1.7631407302e-03  1.7802646497e-03  8.1693833089e-04  -9.3169025724e-05  2.0934060640e-04  4.2879990205e-05  1.0130114664e-04  3.2178816499e-05  1.2111362168e-04  
7.0030270442e-01  7.3264706950e-02  1.9108818772e-03  2.3441789576e-03  1.4526918435e-03  8.9389048899e-03  1.8340764150e-03  3.6484308559e-04  4.0363966138e-04  -2.7897486297e-06  2.1384927747e-04  3.8321208720e-05  9.9976034492e-05  3.2420495541e-04  2.1426077967e-04  
8.0023393627e-01  6.5067790081e-02  1.7776297070e-03  2.8664585809e-03  1.7579796364e-03  1.2490251792e-02  2.4971466500e-03  9.8415495116e-04  5.7866028630e-04  3.6495086780e-04  2.2865690700e-04  -6.9184008739e-05  9.9035021051e-05  4.8747417850e-05  1.1330341653e-04  
8.9973105868e-01  5.6634929517e-02  1.6210087561e-03  2.4705787743e-03  1.5306448018e-03  1.2486342769e-02  2.2153562641e-03  8.0891501220e-04  6.9962190356e-04  1.4499908449e-05  2.9252392227e-04  -8.8470797787e-05  1.1558434982e-04  -7.7493920230e-05  1.2814677315e-04  
9.9964430400e-01  4.8811544785e-02  1.4333680397e-03  2.5733331962e-03  1.5843052428e-03  1.7708124980e-02  3.1974669350e-03  1.4778484490e-03  7.1638097072e-04  2.1932352178e-06  1.9770780127e-04  -9.7733718075e-05  1.0531573457e-04  -1.7526022219e-04  1.3494237465e-04  
1.0993971158e+00  4.1192238302e-02  1.2611862081e-03  1.8560429601e-03  1.1815985309e-03  1.9167551218e-02  3.4323151995e-03  1.3963875288e-03  7.4311745267e-04  2.1858966061e-05  1.7512866348e-04  -7.0010485584e-06  1.1918634444e-04  -2.0048252211e-04  1.6369331186e-04  
1.1990325966e+00  3.4438822638e-02  1.1135625002e-03  1.6392340261e-03  1.0636537926e-03  2.5200013608e-02  4.1937276130e-03  1.3605913323e-03  7.4656935984e-04  3.5449410691e-04  2.1318604590e-04  -2.4092114055e-05  1.1814738322e-04  3.3485515380e-04  2.0103958463e-04  
1.2991786807e+00  2.8146542831e-02  9.6581352948e-04  2.0450133961e-03  1.2986047028e-03  2.1823182283e-02  3.7213180710e-03  3.3105457033e-03  1.4389857021e-03  1.1521232328e-04  2.6000088512e-04  -1.3698868621e-04  1.2959700535e-04  -9.2196165750e-05  1.4491011021e-04  
1.3986685536e+00  2.2890782515e-02  8.1713804981e-04  8.8664174916e-04  7.1860534814e-04  2.4137692575e-02  4.4165518696e-03  3.3110411806e-03  1.3617372915e-03  -9.5957516166e-05  2.1825136372e-04  4.6538131155e-05  1.2246021506e-04  3.2417056656e-04  2.1692167476e-04  
1.4989966841e+00  1.8366576549e-02  6.8785251121e-04  1.6478849017e-03  1.1096184138e-03  2.8434403730e-02  5.0536550513e-03  3.2512597919e-03  1.4299110768e-03  5.9343472724e-04  2.6042838729e-04  3.8347107512e-04  2.3268430161e-04  -2.9098887371e-04  2.3452644346e-04  
1.5985635107e+00  1.4660771869e-02  5.6795714402e-04  3.9604573622e-04  5.8473725107e-04  2.8571287917e-02  5.1342733067e-03  4.1702841721e-03  1.7468747374e-03  2.1176421215e-04  2.7854207899e-04  4.8764802980e-04  2.3867248476e-04  1.1243266622e-04  1.7111157132e-04  
1.6988795677e+00  1.1631422136e-02  4.8760343343e-04  2.4859967473e-04  6.5517729244e-04  3.3582511054e-02  6.2251402719e-03  5.5430825725e-03  2.1368147366e-03  5.8308718160e-04  3.3090821073e-04  1.8075391382e-04  1.3506345019e-04  4.0852325753e-04  2.6659324735e-04  
1.7983997788e+00  9.4742130052e-03  4.1748169330e-04  -1.1291052955e-03  8.9408112950e-04  3.9581968293e-02  7.1581453788e-03  4.1886174701e-03  2.0032983555e-03  3.3651229319e-04  3.2352333358e-04  9.3366421506e-05  1.9095853913e-04  2.2453990179e-04  2.2639577911e-04  
1.8985161783e+00  7.4080252734e-03  3.4194128091e-04  -1.8452868724e-03  1.2963423520e-03  4.2867931081e-02  7.9496174967e-03  5.5116894828e-03  2.1758251716e-03  8.0225725684e-04  4.0371817925e-04  -8.9256759642e-05  1.3680357530e-04  2.7195995342e-04  2.4875569972e-04  
1.9983881082e+00  5.7223714039e-03  2.6691928589e-04  -2.1145592519e-03  1.4645758860e-03  3.9798581701e-02  7.5303734446e-03  4.6196002147e-03  1.9510759958e-03  6.8827687713e-04  4.1665054426e-04  2.2407113707e-04  2.0195315599e-04  1.1023847546e-04  2.3905795455e-04  
2.0979817206e+00  4.5742362931e-03  2.2886569889e-04  -3.9382754668e-03  2.5781830099e-03  3.8170295346e-02  7.6554007726e-03  3.2974637337e-03  1.5109707028e-03  4.8786085908e-05  4.0564004092e-04  -1.0860450957e-04  2.1125907969e-04  -2.6907716337e-04  2.5923636085e-04  
2.1985864799e+00  3.4760582431e-03  1.8412160494e-04  -4.2800768510e-03  2.7177280220e-03  4.1303373503e-02  8.6964149605e-03  7.0593739206e-03  2.8655037223e-03  1.0406937047e-03  6.3077063557e-04  4.3481056695e-04  3.1145326873e-04  5.3951438297e-04  4.0359026372e-04  
2.2989091466e+00  2.7574515357e-03  1.5599143572e-04  -4.0488821494e-03  2.6287002070e-03  4.4867345756e-02  1.0142110716e-02  7.5479446333e-03  4.1863339978e-03  8.5359671738e-04  4.7987004266e-04  3.5425322128e-04  2.5091367303e-04  -9.2995072847e-05  2.8835040143e-04  
2.3981943388e+00  2.1478167274e-03  1.2567147732e-04  -5.3494802985e-03  3.3782466202e-03  4.5449540020e-02  1.0120488000e-02  5.4573087188e-03  2.7219780119e-03  1.3045047761e-03  6.4370304196e-04  2.4444786738e-04  2.8654365532e-04  5.6558324182e-05  2.9036870487e-04  
2.4994413091e+00  1.5659148955e-03  9.7286063891e-05  -5.4121401983e-03  3.6591414399e-03  6.1707228239e-02  1.6696723308e-02  5.0959378250e-03  3.3564259655e-03  1.6428293810e-03  1.1301208878e-03  2.1291559308e-04  3.3785936484e-04  3.0412183000e-04  4.3065028701e-04  
2.5996452429e+00  1.2790981764e-03  8.3483864193e-05  -5.9052183746e-03  3.8673263285e-03  5.9769008803e-02  1.4086381269e-02  8.3989047216e-03  3.4112291558e-03  1.6929137830e-03  8.6059621927e-04  4.7212897509e-04  4.0400196024e-04  2.9622871593e-04  3.8486639614e-04  
2.6977861841e+00  9.5063652787e-04  6.3826259675e-05  -8.4470492343e-03  5.4838135563e-03  4.7907084242e-02  1.2610191550e-02  5.9745317113e-03  3.2399387446e-03  8.5837335441e-04  9.5104812466e-04  -2.2579941895e-04  3.9756517906e-04  1.5033782368e-04  4.6712609093e-04  
2.7984087214e+00  7.1430248264e-04  5.0428342509e-05  -7.5307565876e-03  4.9159956653e-03  5.9724698166e-02  1.1844877159e-02  6.0004309737e-03  3.4194215015e-03  2.2061443843e-03  1.0137418092e-03  -6.3611789097e-04  7.3361389570e-04  3.4219094595e-04  5.2210817985e-04  
2.8986426195e+00  5.7754767005e-04  4.5556665950e-05  -6.9096759864e-03  4.6251465040e-03  5.4938230052e-02  1.1893971234e-02  5.1276957945e-03  3.6169282698e-03  -6.9487061148e-06  1.2888439867e-03  -8.0861619804e-04  5.5312481917e-04  2.5417954796e-04  5.1218139879e-04  
2.9982605527e+00  4.2836073137e-04  3.1445966309e-05  -1.3150942858e-02  8.4154024828e-03  5.5267218649e-02  1.6017753703e-02  4.6878877962e-03  3.2126413793e-03  -2.5110730604e-04  1.0351029895e-03  3.8821104850e-04  4.7579721144e-04  -4.8615249129e-04  6.7790071598e-04  
3.0972159988e+00  3.1111525724e-04  2.6600221578e-05  -1.0133584365e-02  6.8663356427e-03  7.7011912605e-02  1.9371825924e-02  1.3290183135e-02  6.9189944242e-03  -2.4987179673e-05  1.6925650489e-03  -3.0651818095e-04  7.5122692555e-04  3.7086723380e-04  7.3639516479e-04  
3.1977831269e+00  2.4588947269e-04  2.1773785359e-05  -6.0678757341e-03  4.7493738255e-03  6.8993852337e-02  1.6853428817e-02  8.1420780134e-03  5.0012110874e-03  1.1879515405e-03  1.7310071777e-03  1.4133760906e-03  8.2556746114e-04  2.5526884720e-04  7.0960880143e-04  
3.2970474709e+00  1.7075795314e-04  1.6012173433e-05  -1.3361433215e-02  8.9169532899e-03  7.9371502816e-02  2.0295075376e-02  4.1398444497e-03  4.2387973096e-03  -4.3959335487e-04  1.9988260846e-03  -1.2677017647e-03  9.2718391375e-04  5.6102974013e-04  8.5316094521e-04  
3.3985986128e+00  1.3260416575e-04  1.1761807422e-05  -1.2592730476e-02  8.4551354129e-03  4.6467202566e-02  1.6519232333e-02  1.3532642488e-02  8.0969058305e-03  -2.2996546907e-03  2.3755944395e-03  -2.4079131886e-03  2.4403860415e-03  -1.3639454883e-03  1.2333117529e-03  
3.5011329944e+00  9.6250622928e-05  9.7296394749e-06  -2.7200842908e-03  3.3624802141e-03  6.8748406729e-02  2.0566616923e-02  1.1381515653e-02  6.8167894666e-03  2.5027976417e-03  1.5372461510e-03  2.0332181387e-03  1.5007013836e-03  1.5984345290e-03  1.3809866499e-03  
3.5991435509e+00  7.8964690227e-05  9.2336263757e-06  -9.8055867444e-03  7.4810767681e-03  8.9936998830e-02  2.6934917909e-02  -6.3147329690e-03  7.2560790373e-03  1.7499257722e-03  1.9221230923e-03  4.5983468045e-04  7.5282676897e-04  -4.5242486308e-04  1.0551017171e-03  
3.6881504736e+00  4.1098143194e-05  5.5488835259e-06  -1.5404557826e-02  1.2235751175e-02  8.3120594728e-02  3.9491292546e-02  2.2197849994e-02  1.0617013792e-02  1.3365347567e-03  2.8837526326e-03  -1.0373643466e-03  1.9855522606e-03  1.4644773195e-03  1.8006087850e-03  
3.7978256280e+00  2.1024699661e-05  3.6179690745e-06  -5.6598282880e-03  1.1154445568e-02  7.0768496600e-02  5.8165516842e-02  2.5435583211e-02  1.7217181728e-02  6.0628843793e-03  5.5149213049e-03  -8.8663370354e-05  2.4794917004e-03  2.2881705168e-03  3.5903738146e-03  
3.8954974115e+00  1.5981138725e-05  2.9561281244e-06  6.9901915039e-05  8.3490052320e-03  1.1821000381e-01  3.9486266126e-02  1.7818736404e-02  1.2436206711e-02  1.1010611741e-02  7.3695654903e-03  7.1268827278e-03  5.0103536931e-03  -1.5841928051e-03  2.5959943608e-03  
3.9960830033e+00  1.0160137007e-05  2.1544758320e-06  -1.5391540685e-03  9.7566170649e-03  9.7796224967e-02  5.0777446455e-02  2.5586416977e-02  2.1631113666e-02  4.0125648611e-03  4.2366984983e-03  -2.0090913208e-03  2.3012100019e-03  4.3034556759e-03  3.6576757468e-03  
