#pT	dN/(2pi dy pT dpT)	err(dN/(2pi dy pT dpT))	v1{SP}	v1{SP}_err	v2{SP}	v2{SP}_err	v3{SP}	v3{SP}_err	v4{SP}	v4{SP}_err	v5{SP}	v5{SP}_err	v6{SP}	v6{SP}_err
1.0641666627e-01  5.0234288546e-03  2.7968512373e-04  5.5066193118e-04  2.1477611369e-03  -9.0581431797e-04  6.8636831869e-03  1.9396877721e-03  2.0856595722e-03  2.1021759805e-05  6.6729558946e-04  -2.7522323705e-04  4.3950053541e-04  -5.7836988207e-04  4.3277815102e-04  
2.0302834026e-01  5.6726463038e-03  2.3429008267e-04  -1.5241637423e-03  1.2929571607e-03  6.7136086999e-03  5.2448666672e-03  -5.5981349263e-04  8.9102154011e-04  -4.5536701027e-05  4.9452769854e-04  -3.3223912172e-04  2.7100629443e-04  -1.6071920892e-05  2.6704916970e-04  
3.0272944229e-01  5.7490901363e-03  2.0356446869e-04  3.9720881620e-05  9.5842186087e-04  2.6687628619e-04  2.9110447903e-03  2.9534872236e-04  7.2948425018e-04  -1.1278344310e-04  2.8533069922e-04  -3.5745746744e-05  1.8791852115e-04  3.8055342733e-05  2.2216556268e-04  
4.0309486252e-01  5.5400799513e-03  1.9198288968e-04  -1.4498438308e-04  7.4127602773e-04  3.3067743963e-03  3.9681819981e-03  -1.1647645132e-03  8.6574040817e-04  4.0244564906e-04  3.6071632542e-04  2.7834854250e-05  1.7874503423e-04  2.0059801147e-04  2.1091604688e-04  
5.0197598447e-01  5.1758151953e-03  1.6718146902e-04  7.1851966526e-04  8.4704930212e-04  2.8516371828e-03  3.3966917575e-03  -1.3451754529e-04  7.6798796049e-04  -3.4086421926e-05  2.6315049528e-04  4.3883595408e-07  1.5999433425e-04  -1.1383162449e-04  1.9424399701e-04  
6.0044065495e-01  4.8993264338e-03  1.5833334900e-04  1.2557091014e-03  8.3129371365e-04  4.7995163207e-03  3.4722940353e-03  1.6846804370e-03  8.6141865878e-04  7.6820693719e-06  1.9121239702e-04  -1.4349626032e-04  1.9388972821e-04  1.2042382546e-04  1.8228541834e-04  
7.0107912590e-01  4.7142147945e-03  1.4930066170e-04  1.8208167525e-03  1.0243971213e-03  7.4298059683e-03  4.0879122997e-03  -1.1753328141e-03  7.3465951143e-04  2.0129468810e-04  2.6432443747e-04  -1.1816970899e-04  1.5133241146e-04  1.4603737326e-04  1.6990086303e-04  
8.0006222513e-01  4.5553882531e-03  1.4582090231e-04  2.8816216740e-04  5.5267788077e-04  2.6028765609e-03  2.5586921958e-03  3.1656406217e-04  5.9668454673e-04  6.7202861912e-05  3.0348554752e-04  -1.4849389183e-05  1.3255629174e-04  1.8739778201e-04  1.6389985801e-04  
9.0050262610e-01  4.0337626250e-03  1.3282152852e-04  9.1041702057e-04  7.5030722407e-04  6.0980020389e-03  3.8958239940e-03  3.6402097850e-04  4.6382498560e-04  3.8744942048e-05  3.8166319027e-04  -6.5388250727e-05  1.3513329749e-04  -1.1605060123e-04  1.4633612109e-04  
1.0002158650e+00  3.7570837832e-03  1.2339955857e-04  1.0252860274e-03  6.9984671054e-04  1.0508793977e-02  5.6022733024e-03  -2.0609576011e-04  4.9485971182e-04  3.4246800034e-04  2.7709471664e-04  6.4395956936e-05  1.3133809504e-04  1.3642709070e-04  1.5261621041e-04  
1.0998044079e+00  3.3520034523e-03  1.1530835138e-04  1.1534793762e-03  8.0593408602e-04  9.8167264692e-03  5.3240861018e-03  6.7425598925e-04  6.5673558324e-04  -3.2689419969e-04  3.7096705134e-04  -1.2131094951e-04  1.5568888742e-04  -2.5877705092e-04  1.7351390084e-04  
1.1993307737e+00  3.0253153188e-03  1.0765058675e-04  2.7521561262e-03  1.3262374498e-03  8.4225583961e-03  4.7999792908e-03  4.1267992886e-04  6.4556471506e-04  2.7026511248e-04  2.3025042252e-04  3.3036847309e-04  1.9745453207e-04  4.4249001076e-05  1.3510023937e-04  
1.2996262077e+00  2.6210636346e-03  9.3852215433e-05  2.5486413292e-03  1.2144504915e-03  1.1798870786e-02  5.9476522234e-03  8.2782175089e-04  6.8805841280e-04  3.3066119380e-04  2.7409422598e-04  2.8226251139e-04  1.8511140134e-04  -4.6856799611e-05  1.4341243192e-04  
1.3996862228e+00  2.1880975312e-03  8.4677195665e-05  1.7048113920e-03  1.1228261526e-03  1.4679529597e-02  7.4624533079e-03  3.1319170869e-04  6.3128089005e-04  2.0137658140e-04  2.5139148753e-04  2.1922506462e-05  1.6407646720e-04  -1.1007036465e-04  1.6076554762e-04  
1.4984512692e+00  1.9607851515e-03  7.6654111711e-05  3.9422072793e-04  6.2648572538e-04  1.6364805170e-02  8.1048640313e-03  2.1420888401e-04  8.5136664419e-04  1.3263013379e-04  3.0237115448e-04  1.2235282485e-04  1.4825029970e-04  3.3359794372e-05  1.6244565998e-04  
1.6004663350e+00  1.5339229638e-03  6.4186457560e-05  1.0463722324e-03  1.1073273405e-03  9.1350583742e-03  4.9276085154e-03  1.7734430569e-03  8.7175653470e-04  1.9946294694e-04  2.8117181212e-04  -1.1848392673e-04  1.5368016233e-04  -7.7586387547e-05  1.4342865474e-04  
1.6997099862e+00  1.3129815985e-03  5.9926525786e-05  2.0901534955e-03  1.1638799546e-03  1.8059467926e-02  8.8447938058e-03  1.1044687388e-03  9.6972479588e-04  2.3455321071e-04  3.3963649871e-04  5.9464798265e-05  1.6132704148e-04  2.2302716192e-04  2.3166686187e-04  
1.7993107099e+00  1.1786249800e-03  5.4222923860e-05  1.4899848059e-05  8.5826460166e-04  1.6511207179e-02  8.2668739144e-03  4.2985116439e-04  7.7887383740e-04  -1.9465483656e-04  3.9132038724e-04  1.1564420990e-04  1.9007213539e-04  -3.5624754064e-05  1.8690832934e-04  
1.8994490269e+00  9.6971316475e-04  4.5470674887e-05  1.1128056829e-03  1.0085666203e-03  1.2043805030e-02  6.6868781387e-03  2.6035533863e-03  1.3488668218e-03  5.4315861394e-04  4.4430149870e-04  2.4465541135e-04  2.3920441854e-04  1.0359184415e-04  1.7135020835e-04  
1.9978851365e+00  8.0474582947e-04  4.2604649062e-05  4.0876988585e-04  1.1454048802e-03  1.9469212527e-02  9.7657770293e-03  2.1182036157e-03  1.2300925020e-03  6.0228752589e-04  4.5234681483e-04  4.0534730328e-04  2.6178217543e-04  2.2324817371e-04  1.9437574390e-04  
2.0999611241e+00  6.2448977542e-04  3.3931898540e-05  -6.8444450891e-04  1.1734091620e-03  1.8101693333e-02  9.3446362950e-03  2.1296770251e-03  1.2401508773e-03  7.0367528371e-04  6.9147893282e-04  9.0387656889e-05  2.3426510068e-04  -3.2320104038e-05  2.3321906379e-04  
2.2001269245e+00  5.0809523410e-04  3.0420314957e-05  -7.9576089554e-04  1.2544859473e-03  1.0593506232e-02  6.1195106849e-03  7.9304939570e-04  1.0689711454e-03  -7.1116763948e-04  7.5079979001e-04  2.9909171335e-04  2.9923342212e-04  -3.3306974100e-04  2.6526246828e-04  
2.2975612323e+00  4.3471244869e-04  2.5956173028e-05  -2.9776147937e-03  1.8512922223e-03  2.5618455620e-02  1.3037238691e-02  2.9131716444e-03  1.7261886039e-03  1.1648375577e-03  7.8439083729e-04  -3.6061866028e-05  2.0925995460e-04  2.5645199987e-04  2.7178181870e-04  
2.3993456604e+00  3.3448348887e-04  2.2667338900e-05  -1.3937345887e-03  1.8160363699e-03  9.6515890859e-03  6.4203438655e-03  4.0281194279e-03  2.0092053542e-03  2.4986047116e-04  4.2190137614e-04  6.4091019775e-04  3.6253369733e-04  9.1197533457e-05  2.5942405839e-04  
2.4995082425e+00  2.7668087263e-04  1.8095418111e-05  -3.5052095729e-03  2.1828809438e-03  1.1698816147e-02  8.1429668338e-03  1.6476585851e-03  1.1830336619e-03  5.6789197294e-04  5.3636367970e-04  1.3836972215e-04  2.7340592895e-04  2.3122977629e-04  3.0937587923e-04  
2.6008913150e+00  2.1802416321e-04  1.6703181223e-05  2.9891901024e-04  2.0188724469e-03  2.4643870135e-02  1.2835424822e-02  8.1712675690e-04  1.2821747128e-03  1.3260112517e-03  8.7261464746e-04  -2.9495166578e-04  3.2214195086e-04  -4.9929299760e-04  4.0058728567e-04  
2.6980670617e+00  1.7004339532e-04  1.4130219015e-05  -5.2895893949e-03  3.0512308071e-03  1.4282210331e-02  8.4379054752e-03  2.3453176622e-03  2.7018649432e-03  3.1015220397e-04  6.7256678224e-04  5.9022249501e-04  6.8149259444e-04  2.5424738590e-04  3.2651266259e-04  
2.7972361710e+00  1.3837247454e-04  1.2171614477e-05  -6.3523532266e-03  4.3737800152e-03  3.3287929011e-02  1.8228262913e-02  -3.7073449752e-03  3.5773020479e-03  -5.1731400903e-04  9.8434590860e-04  -2.5186631133e-04  4.7055683086e-04  6.1018367279e-05  3.0241949866e-04  
2.8997200730e+00  1.0267847641e-04  1.0006630910e-05  -3.9869323652e-03  3.2314384982e-03  1.3356458402e-02  1.0668858914e-02  3.6870903769e-03  2.2697521266e-03  2.2488272308e-05  7.8176526621e-04  3.7913576557e-04  4.2697528800e-04  1.5111050877e-04  4.2666719007e-04  
2.9993351975e+00  8.7085352667e-05  8.4854616023e-06  -2.7668748812e-03  2.2845426679e-03  1.7244921328e-02  1.1003163122e-02  2.7985527558e-03  2.0070767066e-03  1.0308449323e-03  8.6354376749e-04  6.5580610537e-04  4.7792914721e-04  2.2929354398e-04  4.3779943953e-04  
3.0994704548e+00  7.2919180663e-05  7.5068075995e-06  -1.1913448466e-03  3.3074457286e-03  2.3736434562e-02  1.5400366297e-02  3.3578484054e-03  2.3575893310e-03  -4.8236329256e-04  9.8531370022e-04  -6.6880461614e-04  4.7642419024e-04  -7.8459999610e-05  4.7594644828e-04  
3.1987084770e+00  5.0348334616e-05  5.8460169472e-06  -9.4836846948e-03  5.3690862416e-03  1.3995893625e-02  1.4059654548e-02  3.4489662836e-03  2.5221951466e-03  8.8758026802e-04  9.0575668315e-04  -1.0553625941e-04  5.7651163978e-04  3.7217367083e-04  5.5658154059e-04  
3.2926225579e+00  4.4390968080e-05  5.3617155044e-06  -1.0024591029e-02  5.1262379653e-03  4.0486235537e-02  2.4966927781e-02  5.6992078293e-03  5.2163061032e-03  -1.5784487313e-04  1.0876308326e-03  5.4575660595e-04  9.7415661317e-04  1.3051630115e-04  5.5389878462e-04  
3.3995938692e+00  2.5876118372e-05  3.7727610952e-06  -5.8063506942e-03  4.6073588481e-03  1.2403887695e-02  1.4968464497e-02  -7.7230168208e-03  4.0752328361e-03  2.0758518607e-03  1.5456101461e-03  3.7924759774e-04  6.9300546151e-04  6.1045801609e-04  7.2364471179e-04  
3.5026226966e+00  2.2796672702e-05  3.4359955750e-06  -1.1836799944e-02  7.7444050358e-03  -2.7150393217e-02  2.2664288612e-02  4.2884330268e-03  4.7476594352e-03  -3.4208598908e-04  1.1697260697e-03  1.0202766403e-04  8.5000729089e-04  -3.3465393444e-04  8.1103241735e-04  
3.5989734816e+00  1.8802005161e-05  3.3999577992e-06  -3.0609645158e-03  4.9485026937e-03  4.1182349262e-03  1.5810112215e-02  1.7543870238e-03  4.1290459935e-03  8.5901243315e-04  1.3410578272e-03  -1.9712253460e-03  1.3334870304e-03  2.5124465887e-04  6.9407560063e-04  
3.6735550618e+00  6.2628956797e-06  1.5849366492e-06  -4.9170835106e-03  9.8787269075e-03  5.2110182175e-02  4.0623879234e-02  1.0256513499e-02  9.8346599710e-03  -5.6230109480e-04  5.2092081792e-03  5.3697886870e-04  8.9765307200e-04  -4.3263015699e-04  8.8070615614e-04  
3.7643523100e+00  3.5951957993e-07  3.5921373591e-07  1.9781561548e-02  2.1315505994e-02  1.2900358252e-01  1.4141843625e-01  4.3605139137e-02  4.6157795243e-02  8.8959689749e-03  9.5265468428e-03  6.0943795560e-03  6.5352298868e-03  -2.2611971621e-03  2.4047283175e-03  
3.9158547500e+00  6.9121989702e-07  4.8793433327e-07  -3.3638829953e-02  3.6746705498e-02  2.8353684695e-02  4.1158351198e-02  2.7612935016e-02  3.3983227578e-02  -5.2561767437e-03  4.3268099897e-03  -1.4426110112e-03  2.4278190573e-03  -2.5646976030e-03  3.5947165067e-03  
4.0220772650e+00  6.7296487418e-07  4.7504805434e-07  -9.2456862580e-03  7.6457720767e-03  1.4651337667e-01  1.2479153695e-01  1.4113215090e-02  1.1164013749e-02  -5.7606776470e-03  4.7840483873e-03  6.8161512177e-03  5.5973127492e-03  1.0688740989e-03  4.6985461753e-03  
