#pT  dN/(2pi dy pT dpT)  dN/(2pi dy pT dpT)_err  vn[2]  vn[2]_err
1.0672860728e-01  1.7946732267e-01  4.9729784686e-03  nan  nan  1.0097905887e-01  2.9820584324e-02  7.7701181678e-02  3.7413080897e-02  5.2417688759e-02  4.3859585718e-02  6.1077638988e-02  4.0647170816e-02  nan  nan  
2.0337314884e-01  1.8527486543e-01  3.9847548355e-03  5.3266724134e-02  2.1681372700e-02  5.2110180495e-02  2.0655393794e-02  nan  nan  nan  nan  nan  nan  4.3880424189e-02  3.2841655086e-02  
3.0249166493e-01  1.8020519018e-01  3.8348287231e-03  nan  nan  nan  nan  4.8666661341e-02  1.9078245997e-02  4.1998700044e-02  2.1943184147e-02  nan  nan  nan  nan  
4.0195489289e-01  1.7412000072e-01  3.1759436880e-03  nan  nan  3.2689041903e-02  1.6064758861e-02  nan  nan  2.7102990630e-02  2.4898409729e-02  nan  nan  2.6601355193e-02  1.8851814917e-02  
5.0150028371e-01  1.6919922217e-01  3.1227616191e-03  4.2487078147e-02  1.3220032638e-02  nan  nan  1.8411894385e-02  2.6422225625e-02  nan  nan  nan  nan  nan  nan  
6.0094011251e-01  1.5733014314e-01  2.3803277668e-03  2.2126899417e-02  2.2838476376e-02  1.8348818566e-02  2.3376831953e-02  3.9236306558e-02  1.0590642407e-02  1.5337855965e-02  2.7461814887e-02  3.9599234831e-02  1.5000442773e-02  nan  nan  
7.0053703449e-01  1.4761664148e-01  2.3291882742e-03  5.9311882651e-02  9.8974570291e-03  2.0729281055e-02  1.9376127846e-02  1.9490788732e-02  2.4854500144e-02  2.8781949304e-02  1.6321164824e-02  2.7877532757e-02  1.5350491861e-02  nan  nan  
8.0024845662e-01  1.3444417247e-01  1.9412647336e-03  4.5027696297e-02  1.2178404097e-02  3.3235993853e-02  1.2960651523e-02  nan  nan  1.2423118071e-02  2.9942748902e-02  nan  nan  9.9517565588e-03  3.9181539067e-02  
9.0011303141e-01  1.2176476482e-01  1.6445302556e-03  3.4526361510e-02  1.1528394525e-02  3.8139382646e-02  1.0445906137e-02  nan  nan  nan  nan  nan  nan  nan  nan  
9.9971595240e-01  1.0761931053e-01  1.3101409347e-03  4.4154509272e-02  1.0486603044e-02  3.5674445976e-02  1.3216319618e-02  3.5296594669e-02  1.2314476799e-02  6.6411451598e-03  5.4305122725e-02  nan  nan  nan  nan  
1.0995232923e+00  9.2834797992e-02  9.9855097980e-04  5.0413395655e-02  1.0301701312e-02  5.4578484960e-02  1.0618977529e-02  2.0111208347e-02  1.7521711680e-02  nan  nan  nan  nan  9.7441094822e-03  4.3217162245e-02  
1.1993963821e+00  8.1150157604e-02  7.8316955668e-04  2.5437046786e-02  1.6740514310e-02  5.9402134424e-02  9.7924734812e-03  2.5422211544e-02  1.7908524906e-02  nan  nan  nan  nan  2.8346225549e-02  1.6518444570e-02  
1.2995570663e+00  6.7951706339e-02  6.7947758289e-04  nan  nan  8.7884777957e-02  1.1756302103e-02  nan  nan  3.9733785995e-02  1.2272275175e-02  nan  nan  1.3391772250e-02  3.1740020645e-02  
1.3990174392e+00  5.6147207282e-02  7.1445285656e-04  nan  nan  8.5297554050e-02  9.0340326431e-03  5.8955729218e-02  1.2281290999e-02  3.0639187198e-02  1.7600134718e-02  2.2689694450e-02  2.1907721525e-02  3.6175010394e-02  1.5733725006e-02  
1.4999322740e+00  4.7313595647e-02  5.9370200262e-04  4.6253638722e-02  1.4932753819e-02  9.0955475513e-02  1.1588478428e-02  4.9810484819e-02  1.4092925388e-02  2.6163371348e-02  1.9204415026e-02  nan  nan  4.8786940872e-02  1.3755283883e-02  
1.5991974086e+00  3.8873200052e-02  5.9784669858e-04  4.2058444234e-02  1.5456373321e-02  1.1082802752e-01  1.0380376333e-02  nan  nan  nan  nan  nan  nan  5.9154380116e-02  1.5038610843e-02  
1.6984806150e+00  3.1840722345e-02  5.6421041190e-04  3.4607216081e-02  2.2580985425e-02  1.1801112068e-01  1.1466171455e-02  4.9239186761e-02  2.0470745489e-02  nan  nan  nan  nan  nan  nan  
1.7985287116e+00  2.5339611020e-02  5.3717677730e-04  nan  nan  1.0905356049e-01  1.2342797316e-02  6.6465451359e-02  1.6275445451e-02  nan  nan  nan  nan  nan  nan  
1.8984692462e+00  2.0790658564e-02  4.6680170502e-04  4.4885924272e-02  2.7102637588e-02  1.2991387086e-01  1.4688617732e-02  2.4015334881e-02  4.6104756605e-02  3.1951761143e-02  3.5971341415e-02  nan  nan  5.2502938777e-02  2.5234329699e-02  
1.9985415601e+00  1.6870789862e-02  4.4573341074e-04  8.9714904018e-02  1.9535898182e-02  1.1169977350e-01  1.7391505735e-02  6.1997197757e-02  2.1658134123e-02  nan  nan  nan  nan  3.0183905531e-02  4.8689369993e-02  
2.0984306701e+00  1.3087011074e-02  3.6698572323e-04  nan  nan  1.5270841714e-01  1.7406959206e-02  5.8599067575e-02  2.8287934605e-02  nan  nan  3.0821190832e-02  5.5941948040e-02  nan  nan  
2.1987124738e+00  1.0662386917e-02  3.7575754400e-04  7.0633171456e-02  3.2881743069e-02  1.3283286225e-01  1.7906129129e-02  4.5968897442e-02  5.1609837606e-02  1.1750757773e-02  1.9494217787e-01  nan  nan  5.9428593074e-02  3.4748755260e-02  
2.2985455222e+00  8.2432111058e-03  2.9256906422e-04  8.6551158352e-02  2.8893693162e-02  1.6020694572e-01  2.2973477171e-02  nan  nan  1.3779649155e-02  1.8501550066e-01  1.3853565457e-01  3.4705369589e-02  2.1041378332e-02  1.3136887615e-01  
2.3977746117e+00  6.4816268042e-03  2.5589065195e-04  1.2733888432e-01  3.2130093837e-02  1.5568414917e-01  2.6725152295e-02  8.3638136927e-02  4.7117393292e-02  1.1272271594e-01  4.0554086283e-02  nan  nan  1.4952667686e-03  3.0818049121e+00  
2.4977969062e+00  5.0847066163e-03  2.1261814144e-04  nan  nan  nan  nan  3.0974322072e-02  1.4534104072e-01  nan  nan  nan  nan  1.3557404584e-02  3.7254426754e-01  
2.5973288213e+00  3.8297745978e-03  1.7946243659e-04  2.0784565689e-01  3.9167550490e-02  1.5257354350e-01  3.7343993314e-02  8.2863063142e-02  8.0087590480e-02  nan  nan  8.4511937168e-02  9.3457347416e-02  1.4918027350e-01  5.1803020911e-02  
2.6985862955e+00  2.8928294686e-03  1.5707726923e-04  1.4697999869e-01  6.3917343849e-02  1.5278650035e-01  6.2274521207e-02  1.3366980706e-01  6.4980105188e-02  1.4465932835e-01  6.1661803229e-02  9.9734275232e-02  8.7341363290e-02  nan  nan  
2.7971145579e+00  2.3271972011e-03  1.1794716357e-04  nan  nan  nan  nan  6.8875876631e+01  4.8682222010e+01  4.2624016814e+01  8.5866659577e+01  1.0568874306e+02  3.7596436393e+01  8.3447310094e+01  2.9379007946e+01  
2.8970115154e+00  1.7085602547e-03  1.0037061173e-04  9.8304773949e+01  3.6047709811e+01  nan  nan  nan  nan  nan  nan  nan  nan  nan  nan  
2.9981182525e+00  1.3350863711e-03  8.5880794127e-05  nan  nan  1.0905232700e+02  6.8795465909e+01  5.1319271745e+01  2.0800159032e+02  1.2998302251e+02  8.0250675518e+01  nan  nan  2.3057902600e+02  4.1781685944e+01  
3.0978338923e+00  9.4789094658e-04  6.8322141011e-05  nan  nan  nan  nan  nan  nan  3.6843790634e+01  3.2558742721e+02  2.9942180735e+01  3.1534649524e+02  1.3168428140e+02  7.2808036545e+01  
3.1998577388e+00  7.3861124383e-04  5.9108385431e-05  nan  nan  nan  nan  nan  nan  nan  nan  nan  nan  nan  nan  
3.2996031396e+00  6.1016732761e-04  5.3435437214e-05  1.7024748987e+02  1.0407629872e+02  nan  nan  nan  nan  nan  nan  1.4139403817e+02  1.2237110958e+02  1.6678158010e+02  8.7068375554e+01  
3.3946064912e+00  4.2430609803e-04  3.4880258791e-05  1.7555952968e+02  8.6953879996e+01  nan  nan  2.6667248345e+02  6.2773989250e+01  3.0971433385e+01  4.0930970462e+02  1.3190837405e+02  1.1158969881e+02  1.2150691377e+02  1.4235027405e+02  
3.4993450836e+00  3.7294708074e-04  3.9717486804e-05  1.1355205389e+02  1.2069521994e+02  nan  nan  nan  nan  2.4717846565e+02  6.3221674966e+01  nan  nan  1.8759832942e+02  8.5717372734e+01  
3.5977337916e+00  2.2782340345e-04  2.4521934059e-05  1.6665991747e+02  9.3902192179e+01  nan  nan  nan  nan  1.0904330619e+02  1.6985815908e+02  2.2048755620e+02  7.7298280289e+01  1.1309536468e+02  1.4787845765e+02  
3.6901596819e+00  1.2291923032e-04  1.6495292673e-05  nan  nan  nan  nan  2.6041727943e+01  5.3500211923e+02  nan  nan  nan  nan  2.1993175385e+02  6.5853134762e+01  
3.8005182827e+00  5.4440318574e-05  1.2429832031e-05  nan  nan  1.8321048268e+02  5.6607303152e+01  1.1869438874e+02  8.8328248560e+01  nan  nan  4.5461858381e+01  2.5214071417e+02  1.9987686891e+02  7.7875514023e+01  
3.9059104594e+00  3.2597765832e-05  8.5082666693e-06  nan  nan  1.9710221382e+02  4.6094205235e+01  nan  nan  nan  nan  nan  nan  1.0088187971e+02  1.0810467383e+02  
3.9994093652e+00  4.1784342402e-05  9.0286423607e-06  nan  nan  nan  nan  1.4985024568e+02  8.5818450587e+01  nan  nan  2.2096850499e+02  6.6235992443e+01  1.6444676374e+02  7.7080189727e+01  
