#pT  dN/(2pi dy pT dpT)  dN/(2pi dy pT dpT)_err  vn[2]  vn[2]_err
1.0572653304e-01  8.8062702009e-03  8.3851248374e-04  nan  nan  1.5820993061e+02  1.0754517644e+02  nan  nan  5.6737178955e+01  3.2358090696e+02  nan  nan  1.5129344069e+02  1.1816244632e+02  
2.0590561371e-01  1.0628075787e-02  7.1131439991e-04  1.4798773442e+02  7.6182825748e+01  nan  nan  1.5674411023e+02  7.4834371766e+01  nan  nan  nan  nan  nan  nan  
3.0257958841e-01  1.0756570210e-02  5.6295452123e-04  2.4480408393e+01  2.0721780524e+02  1.5241024397e+01  3.2819805125e+02  nan  nan  nan  nan  nan  nan  nan  nan  
4.0121256088e-01  1.0908833276e-02  4.8705081087e-04  6.7475352103e+01  9.1273447445e+01  7.7956228631e+01  3.2504166663e+01  nan  nan  3.4097318811e+01  2.4776356418e+01  nan  nan  8.1634623080e+01  2.9604038018e+01  
5.0201902119e-01  9.0511981282e-03  3.9297299617e-04  1.2055588034e+01  5.9970188292e+00  4.5401840404e+01  2.2586609359e+01  7.0910161438e+01  3.5277486871e+01  3.6704882723e+01  1.8260182715e+01  nan  nan  4.4289588867e+01  2.2033979998e+01  
6.0117237066e-01  9.2129849734e-03  3.6679760346e-04  4.5318135846e+01  2.4172538090e+01  nan  nan  7.4293645331e+01  4.5514131080e+01  1.0725207988e+02  4.2753275739e+01  3.5603287054e+01  1.2589286536e+01  nan  nan  
6.9965852380e-01  8.9511480196e-03  3.3418533841e-04  4.3808483805e+01  2.1794361501e+01  nan  nan  4.5494717680e+01  2.2633281302e+01  nan  nan  3.1354102953e+01  1.5598370714e+01  3.3023700603e+01  1.6429464633e+01  
7.9924413796e-01  8.1644047904e-03  3.5258143808e-04  1.4628951043e-01  7.1560489172e-02  nan  nan  nan  nan  nan  nan  1.4355969502e-01  7.5248847216e-02  1.5571772712e-01  6.1993063777e-02  
9.0059102406e-01  7.5814069602e-03  2.9204206874e-04  nan  nan  nan  nan  9.7120616841e+01  4.8316796698e+01  3.6732960530e+01  1.8274132300e+01  9.0640228463e+01  4.5092928485e+01  5.7470432401e+01  2.8591263127e+01  
1.0008704480e+00  7.6248424920e-03  3.1705658543e-04  6.2353613365e+01  3.1020684512e+01  5.9431515318e+01  2.9566849074e+01  9.2802021178e+01  4.6168556222e+01  nan  nan  nan  nan  nan  nan  
1.0991313513e+00  6.9431915597e-03  2.2434641264e-04  nan  nan  6.8363271826e-02  1.2116010833e-01  nan  nan  nan  nan  nan  nan  1.4998827617e-01  5.5664567544e-02  
1.1987720643e+00  6.6183339989e-03  1.9112047257e-04  3.4207185361e-02  1.8969005835e-01  1.4414165850e-01  5.0377235854e-02  nan  nan  nan  nan  nan  nan  1.0663842084e-01  6.2490469872e-02  
1.3003901860e+00  5.7033807448e-03  1.8376463499e-04  7.3863133064e-02  1.0379045591e-01  nan  nan  6.1374424127e-02  1.5416665454e-01  nan  nan  1.1756713536e-01  7.9315733185e-02  nan  nan  
1.4004694294e+00  5.4151364388e-03  1.9476853744e-04  8.5530024634e+01  4.2550694786e+01  6.3209743933e+01  3.1446441757e+01  1.5997601341e+01  7.9583864121e+00  nan  nan  nan  nan  nan  nan  
1.4995098255e+00  4.0597777151e-03  1.3391378861e-04  nan  nan  1.1935283321e-01  8.6589667974e-02  1.1261968167e-01  9.4274954185e-02  nan  nan  nan  nan  7.2500459546e-02  1.2710490039e-01  
1.5977892323e+00  3.8897499138e-03  1.3171351958e-04  1.0443597891e-01  9.0631085661e-02  1.0466876803e-01  7.8207770223e-02  nan  nan  nan  nan  nan  nan  1.0152506828e-01  9.5613602116e-02  
1.6988935937e+00  3.4427960525e-03  1.3088200944e-04  6.0367504846e+01  3.0032106461e+01  8.3687425636e+01  4.1634016922e+01  nan  nan  nan  nan  5.6826651732e+01  2.8270977440e+01  nan  nan  
1.7974020415e+00  3.0460241592e-03  1.2448365286e-04  5.7802868916e+01  7.6858073994e+01  nan  nan  nan  nan  nan  nan  9.8086055401e+01  3.4333469058e+01  nan  nan  
1.8999590410e+00  2.5800410114e-03  1.0322801840e-04  1.1164111375e-01  1.0640080658e-01  nan  nan  1.0633994996e-01  1.1863778101e-01  nan  nan  nan  nan  nan  nan  
2.0014604848e+00  1.9959370180e-03  8.2251666330e-05  nan  nan  3.9058298138e+01  1.3925143867e+02  1.5646427587e+02  4.6180943701e+01  nan  nan  nan  nan  1.0118023142e+02  7.0632747418e+01  
2.0999107517e+00  1.8720448436e-03  9.0763035527e-05  1.3866930890e+02  3.9189959408e+01  1.1781926851e+02  3.3337689369e+01  1.1854261027e+01  5.8331596633e+02  nan  nan  nan  nan  nan  nan  
2.1984868099e+00  1.5130126306e-03  8.3233003917e-05  1.1558660995e+02  8.6721321341e+01  9.6145926701e+01  9.8984209990e+01  nan  nan  6.9302552103e+01  1.1654765676e+02  1.9981870449e+02  5.1104412414e+01  nan  nan  
2.2979857505e+00  1.2431892706e-03  6.4058455273e-05  nan  nan  nan  nan  nan  nan  nan  nan  2.2318028085e+02  4.8395227732e+01  nan  nan  
2.4006449598e+00  9.6461761748e-04  6.8432724107e-05  7.6816124142e+01  1.1641643882e+02  1.3585529038e+02  5.8716828862e+01  1.5052966569e+02  7.9600000266e+01  2.0788916854e+02  5.2229579027e+01  1.4016904504e+02  6.9821347748e+01  6.2580560826e+01  1.6776070397e+02  
2.4975382156e+00  8.6665629868e-04  5.4274616675e-05  1.5299174817e+02  4.7310990193e+01  6.7027453539e+01  1.8641559143e+02  2.3569592774e+01  3.2894451767e+02  nan  nan  1.2547303960e+02  7.7975076765e+01  5.7294474386e+01  1.9844050810e+02  
2.6018812931e+00  6.9121172522e-04  5.4474923401e-05  1.5767357222e+02  6.7136594200e+01  nan  nan  nan  nan  1.7272155974e+02  7.5958499797e+01  7.3328417252e+01  1.4401500626e+02  9.5826423980e+01  1.0659667324e+02  
2.6992561366e+00  5.1002579517e-04  4.6773112759e-05  6.7195236942e+01  2.0664754238e+02  nan  nan  nan  nan  nan  nan  nan  nan  nan  nan  
2.7941150992e+00  4.6707830095e-04  4.6714775999e-05  1.3908033469e+02  8.7200270086e+01  nan  nan  1.5073114261e+02  9.3814632999e+01  nan  nan  1.4210568323e+02  1.0353726147e+02  3.5898754275e+01  4.1719220656e+02  
2.8973431187e+00  3.7078655236e-04  3.5466891608e-05  1.6704910258e+02  8.7949190679e+01  1.6597547282e+02  8.4069741458e+01  nan  nan  2.6238716109e+01  6.3611628152e+02  nan  nan  nan  nan  
3.0010233270e+00  2.4660604229e-04  2.8622157437e-05  nan  nan  nan  nan  8.0162474122e+01  1.9430645555e+02  8.0003296364e+01  1.9540303782e+02  nan  nan  2.8578197747e+02  6.0540818925e+01  
3.0944277024e+00  2.6487869035e-04  2.8970615225e-05  nan  nan  nan  nan  8.4641183897e+01  1.9327984810e+02  nan  nan  nan  nan  nan  nan  
3.2022715454e+00  1.7395223758e-04  2.3443744669e-05  nan  nan  nan  nan  1.8555234589e+02  8.6688557288e+01  2.1867045731e+02  7.6451636374e+01  nan  nan  1.2673915529e+02  1.1131972085e+02  
3.3035904837e+00  1.1803206614e-04  1.8184579294e-05  nan  nan  1.3427608280e+02  9.5240578382e+01  nan  nan  nan  nan  9.2619897134e+01  1.3818243445e+02  nan  nan  
3.3961715100e+00  1.0075554979e-04  1.6319849856e-05  1.4267491084e+02  9.9309139918e+01  nan  nan  1.5828696429e+02  1.0059053664e+02  nan  nan  nan  nan  2.0381283125e+02  8.9853451219e+01  
3.4974627766e+00  8.6461075158e-05  1.5357795941e-05  1.3970561457e+02  1.0728687771e+02  1.4906307652e+02  7.3838517160e+01  nan  nan  nan  nan  1.1686525852e+02  9.3551938603e+01  nan  nan  
3.6139751795e+00  4.6240685649e-05  9.4939002689e-06  nan  nan  2.1298819422e+02  6.1818335501e+01  nan  nan  7.4384910082e+01  1.9249946075e+02  nan  nan  1.6651179292e+02  6.1308508641e+01  
3.6764100057e+00  1.5151800271e-05  5.5227666184e-06  1.6658357930e+02  4.7501985510e+01  1.2837491769e+02  6.6778947637e+01  1.8999097394e+01  5.3137061124e+02  1.3636005712e+02  5.8004308417e+01  8.1952816983e+01  8.9214764572e+01  2.8605999423e+01  2.3689049550e+02  
3.8186892480e+00  1.0419474627e-05  4.5417436942e-06  4.1358440663e+01  1.6084122499e+02  nan  nan  4.5627966315e+01  1.4513468383e+02  1.1484983836e+02  5.8113666800e+01  4.2186724274e+01  1.0809162096e+02  1.4707765028e+02  3.9302150916e+01  
3.8977279267e+00  6.1249122444e-06  3.4827725307e-06  9.3892605706e+01  3.7134996491e+01  6.9283212974e+01  4.4120466582e+01  1.0448739494e+02  3.6193997488e+01  1.3600537247e+02  4.0838876517e+01  1.0053042751e+02  3.9397999862e+01  nan  nan  
3.9500000000e+00  0.0000000000e+00  0.0000000000e+00  0.0000000000e+00  0.0000000000e+00  0.0000000000e+00  0.0000000000e+00  0.0000000000e+00  0.0000000000e+00  0.0000000000e+00  0.0000000000e+00  0.0000000000e+00  0.0000000000e+00  0.0000000000e+00  0.0000000000e+00  
