#pT  dN/(2pi dy pT dpT)  dN/(2pi dy pT dpT)_err  vn[2]  vn[2]_err
1.0972224389e-01  5.4394716661e-02  2.1986353746e-03  6.8772646693e-02  1.6647944436e-01  1.3457471947e-01  9.2789830860e-02  1.7454079483e-01  6.5824774376e-02  1.7623964385e-01  6.5317271804e-02  2.4453859521e-01  5.1818491034e-02  nan  nan  
2.0388233370e-01  6.1981350974e-02  1.9657718412e-03  6.5937244534e-02  5.6019738203e-02  nan  nan  nan  nan  nan  nan  2.8574610062e-02  1.1918607778e-01  9.6542317466e-02  5.2057660185e-02  
3.0127357916e-01  6.4132441158e-02  1.9040149143e-03  6.8053191438e-02  3.4893583056e-02  1.0275969672e-01  3.5657492894e-02  1.8418387387e-02  1.4987961454e-01  1.6782040694e-02  1.4448556851e-01  nan  nan  3.6992930732e-02  5.9100778353e-02  
4.0251871560e-01  6.1504100150e-02  1.4495233147e-03  nan  nan  nan  nan  nan  nan  nan  nan  4.2805468421e-02  3.9661359943e-02  nan  nan  
5.0078225354e-01  5.9685218688e-02  1.3933684403e-03  6.9950061675e-02  2.0041710883e-02  5.9512385201e-02  2.6000182800e-02  4.8360991546e-02  3.7112229714e-02  3.2734990367e-02  4.0179378865e-02  5.8794954975e-02  3.0497155209e-02  7.7102064129e-02  2.3264718645e-02  
6.0043786538e-01  5.6737120580e-02  1.2447741911e-03  5.0042316883e-02  2.6919763004e-02  6.1241302585e-02  1.9962689261e-02  8.4777558681e-02  1.9046232878e-02  nan  nan  nan  nan  nan  nan  
7.0073544787e-01  5.4214875284e-02  1.2271740176e-03  nan  nan  nan  nan  nan  nan  nan  nan  4.4536996393e-02  2.4091243173e-02  nan  nan  
8.0102256476e-01  5.1063256107e-02  9.4351466439e-04  3.5945333760e-02  2.8366145968e-02  nan  nan  4.7255433414e-02  2.6655654751e-02  nan  nan  nan  nan  nan  nan  
9.0043845162e-01  4.6335724844e-02  7.8850880901e-04  8.0726151346e-02  1.7872734052e-02  2.5369817126e-02  4.0281220161e-02  3.6553753208e-02  2.9597297999e-02  2.4601738959e-02  4.8413500926e-02  nan  nan  nan  nan  
1.0000737917e+00  4.1058945511e-02  6.9823795435e-04  7.9672649420e-02  1.5687256182e-02  2.8590049866e-02  3.8719053428e-02  nan  nan  2.9873846887e-02  3.0500804235e-02  nan  nan  1.4150805783e-02  7.5097638060e-02  
1.0999122956e+00  3.8258111236e-02  6.7290567231e-04  6.3643793397e-02  1.7389655484e-02  4.9224004974e-02  1.9067566443e-02  nan  nan  nan  nan  nan  nan  nan  nan  
1.1998046137e+00  3.3620324385e-02  5.3223321442e-04  7.1253029685e-02  1.7069324597e-02  7.7573341140e-02  1.4988411664e-02  4.5392591276e-02  2.7981791509e-02  4.1012971417e-02  2.6434647126e-02  3.2203165421e-02  3.1652200603e-02  nan  nan  
1.2994169515e+00  2.8672992238e-02  4.5105746225e-04  6.0046430205e-02  2.2964575685e-02  6.4510303363e-02  2.1087006508e-02  5.4653029224e-02  2.1486336009e-02  nan  nan  nan  nan  2.3211652290e-02  5.9955707485e-02  
1.3994609760e+00  2.4581850822e-02  3.3907245492e-04  3.1657336903e-02  4.1388442230e-02  6.7065938411e-02  1.8243934843e-02  nan  nan  nan  nan  nan  nan  3.3942595112e-02  4.2391728406e-02  
1.4993058938e+00  2.1055331732e-02  3.7590959740e-04  nan  nan  7.2135358339e-02  1.8616618002e-02  6.0140569989e-02  2.4286068211e-02  nan  nan  nan  nan  6.1043652228e-02  2.3937780033e-02  
1.5993291923e+00  1.8176151914e-02  3.6796173683e-04  1.7743350878e-02  8.2618160611e-02  1.2478046719e-01  1.6596493164e-02  7.8878778863e-02  2.2812854553e-02  6.0989975344e-02  3.0775347919e-02  1.5595563929e-02  8.9830751956e-02  nan  nan  
1.6990680180e+00  1.5568271115e-02  3.2225859261e-04  4.3819981573e-02  3.9196670591e-02  4.7277919864e-02  3.3920992108e-02  nan  nan  1.4072829554e-02  9.8752358652e-02  nan  nan  4.4282472752e-02  4.0789146782e-02  
1.7991950454e+00  1.2884049188e-02  3.2148812562e-04  nan  nan  6.4639048168e-02  2.7835020387e-02  5.7362413829e-02  3.3822189402e-02  3.4244656026e-02  6.0470168589e-02  4.5056673013e-02  3.9535719828e-02  5.5009860607e-02  3.8216786067e-02  
1.8989791860e+00  1.0417681019e-02  2.8869258394e-04  8.2546776876e-02  2.8722850252e-02  1.2840840713e-01  2.4613698800e-02  7.1708053012e-02  3.3098242608e-02  nan  nan  1.0668734196e-01  2.5603912916e-02  5.2574037636e-02  4.6622155984e-02  
1.9988844523e+00  8.9813483513e-03  2.5431184410e-04  1.2309843250e-01  2.5168698500e-02  1.5743957175e-01  2.1722624685e-02  1.2704764281e-02  2.1465699774e-01  5.4684970414e-02  4.6579756724e-02  nan  nan  nan  nan  
2.0985903558e+00  7.0037294082e-03  2.2741926336e-04  1.0399842328e-01  3.3412822202e-02  9.7047291407e-02  4.9881269999e-02  4.7335741520e-02  6.2262661119e-02  2.9950241212e-02  1.0636585259e-01  nan  nan  5.5492618076e-02  6.1223766703e-02  
2.1985570895e+00  5.5813179328e-03  1.9812960963e-04  1.0490918288e-01  4.3169155460e-02  1.7513012180e-01  2.8948924465e-02  nan  nan  nan  nan  1.2171683029e-01  3.4949814485e-02  nan  nan  
2.2964914879e+00  4.7819428612e-03  1.7518855110e-04  nan  nan  2.0917305616e-01  3.4940583893e-02  1.2562510155e-01  4.6062038222e-02  nan  nan  nan  nan  5.4389181209e-02  8.8245273235e-02  
2.3991423201e+00  3.7083091089e-03  1.5195518149e-04  5.5467751386e-02  1.3143251975e-01  1.3774671555e-01  4.7704111752e-02  1.0188123159e-01  6.6428923880e-02  nan  nan  4.2360902269e-02  1.6893805600e-01  5.7522522802e-02  1.1842547089e-01  
2.4989295820e+00  2.8946762720e-03  1.2650735092e-04  nan  nan  1.5639318940e-01  6.4949111686e-02  1.4035254463e-01  6.6191107403e-02  1.1221641000e-01  8.2606259382e-02  nan  nan  nan  nan  
2.5977848488e+00  2.3219676363e-03  1.1609636118e-04  nan  nan  9.7686189940e+01  4.4409777034e+01  nan  nan  nan  nan  4.3071961640e+01  1.0637885562e+02  nan  nan  
2.6976935988e+00  1.8200473167e-03  9.3006807234e-05  6.5924854435e+01  3.2796924691e+01  6.4337797698e+01  3.2007086428e+01  3.0641762703e+01  1.5243942274e+01  nan  nan  nan  nan  6.9311358339e+01  3.4482234860e+01  
2.7998928385e+00  1.4836082144e-03  9.4911167977e-05  nan  nan  nan  nan  nan  nan  1.7253401818e+02  4.9933361891e+01  nan  nan  1.5451521505e+02  5.2882915614e+01  
2.8993460607e+00  1.0594424873e-03  6.0758332565e-05  nan  nan  nan  nan  1.5070117102e+02  4.8908250016e+01  8.1884060504e+01  1.0856203574e+02  nan  nan  1.1358537570e+02  6.4152160508e+01  
2.9972713175e+00  8.9738907584e-04  6.5978685297e-05  nan  nan  6.1220343622e+01  1.0315311557e+02  1.4057175831e+02  6.5279232119e+01  9.1173444619e+01  1.0728811435e+02  1.5001641032e+00  6.4388747036e+03  1.7525990297e+02  5.8538545438e+01  
3.1009564907e+00  6.2872473673e-04  5.3012859227e-05  1.7397659212e+02  8.9830090280e+01  nan  nan  nan  nan  nan  nan  1.2967558991e+02  1.1092139265e+02  nan  nan  
3.1955759850e+00  4.6567464667e-04  4.7985421064e-05  nan  nan  2.4780114449e+02  5.1277187392e+01  1.9119317471e+02  7.5094739578e+01  nan  nan  1.9246764066e+02  5.8896198795e+01  1.8648075376e+02  7.8485720518e+01  
3.2964325442e+00  3.4762294533e-04  3.6502452839e-05  7.9409495528e+01  1.9459592207e+02  nan  nan  1.7759058829e+01  8.3416724165e+02  1.9359050129e+02  6.6271270225e+01  nan  nan  1.2472070607e+02  1.2518993533e+02  
3.3989943232e+00  3.3245130429e-04  3.5841109189e-05  2.0782359089e+02  6.8911596820e+01  1.9488653726e+02  6.8857735630e+01  nan  nan  2.1664354599e+02  5.7461542540e+01  nan  nan  5.7089660466e+01  2.5235764865e+02  
3.4936450941e+00  1.5716666658e-04  2.1048194973e-05  6.6138534248e+01  2.2002729149e+02  nan  nan  nan  nan  nan  nan  nan  nan  nan  nan  
3.5990053637e+00  1.3266577314e-04  1.7127077670e-05  9.6599603277e+01  1.5577654151e+02  1.7901220956e+02  9.0574653221e+01  2.1695942349e+02  6.5381810842e+01  1.0583207352e+02  1.4859053317e+02  nan  nan  9.0331762922e+01  1.5844585572e+02  
3.6885024755e+00  7.1195738028e-05  1.3318629287e-05  nan  nan  1.1204903969e+02  1.1406592772e+02  1.1636419142e+01  1.1657481715e+03  1.5925555968e+02  7.8558151123e+01  6.4964065190e+01  1.4910262841e+02  1.8232604835e+02  6.4498096625e+01  
3.8062554467e+00  3.7632642065e-05  8.5591219025e-06  7.8776246805e+01  1.3881272233e+02  nan  nan  2.0368746539e+02  5.1831490880e+01  2.0124294256e+02  7.2631634485e+01  nan  nan  9.4608765243e+01  8.9252007097e+01  
3.9150401350e+00  1.2195656055e-05  4.8271797323e-06  nan  nan  nan  nan  nan  nan  nan  nan  nan  nan  1.6229256494e+02  4.6997612644e+01  
4.0062774792e+00  2.5822153734e-05  7.2466642096e-06  nan  nan  1.1900759602e+02  5.7823870416e+01  nan  nan  nan  nan  6.7329520145e+01  1.5302267216e+02  nan  nan  
