#vn  dP(vn)/dvn  dP(vn)/dvn_err
3.2625749590e+04  1.8161913790e-05  1.8161913790e-05  1.0054677393e-03  9.2211191470e+01  3.2601579395e+01  7.0170234026e-03  3.1171638622e+00  2.2041677051e+00  2.8236871052e-03  8.9599342355e+00  6.3356302569e+00  1.4260667676e-03  5.1178570857e+01  2.2887752685e+01  7.1516108480e-04  6.6052880517e+01  3.3026440258e+01  
3.3481556829e+04  5.4485741371e-05  3.1457357448e-05  1.6613383197e-03  6.9158393602e+01  2.8233795959e+01  1.4953062066e-02  1.0910073518e+01  4.1236201877e+00  5.4143163880e-03  3.1359769824e+01  1.1852878875e+01  2.2651383563e-03  9.2121427542e+01  3.0707142514e+01  1.5331087084e-03  1.4861898116e+02  4.9539660388e+01  
3.4011473238e+04  1.2713339653e-04  4.8051907223e-05  2.5837052174e-03  1.1526398934e+02  3.6449673850e+01  2.1679142172e-02  0.0000000000e+00  0.0000000000e+00  8.0425040776e-03  4.4799671178e+00  4.4799671178e+00  3.1398072331e-03  1.4329999840e+02  3.8298535538e+01  2.0097893375e-03  1.4861898116e+02  4.9539660388e+01  
3.4562297995e+04  9.0809568952e-05  4.0611273837e-05  3.5827710825e-03  9.2211191470e+01  3.2601579395e+01  2.8639064146e-02  4.6757457934e+00  2.6995430925e+00  9.8691358606e-03  2.6879802707e+01  1.0973633503e+01  4.2677055936e-03  9.2121427542e+01  3.0707142514e+01  2.6989950757e-03  6.6052880517e+01  3.3026440258e+01  
3.5133865471e+04  1.6345722411e-04  5.4485741371e-05  4.4288321864e-03  1.6136958507e+02  4.3127835713e+01  3.4751434612e-02  1.5585819311e+01  4.9286688223e+00  1.2469175566e-02  4.0319704060e+01  1.3439901353e+01  5.0846612563e-03  1.1259285588e+02  3.3948023368e+01  3.2052508742e-03  2.3118508181e+02  6.1786812076e+01  
3.5641804655e+04  1.2713339653e-04  4.8051907223e-05  5.3589126481e-03  1.1526398934e+02  3.6449673850e+01  4.1541181751e-02  9.3514915867e+00  3.8177304536e+00  1.4564217782e-02  4.0319704060e+01  1.3439901353e+01  6.2516689712e-03  1.4329999840e+02  3.8298535538e+01  3.7991063070e-03  1.6513220129e+02  5.2219387112e+01  
3.6197384577e+04  1.9978105169e-04  6.0236253518e-05  6.2446758090e-03  1.1526398934e+02  3.6449673850e+01  4.8318606641e-02  7.7929096556e+00  3.4850951465e+00  1.6545655008e-02  2.2399835589e+01  1.0017511012e+01  7.2893795195e-03  6.1414285028e+01  2.5072276873e+01  4.4881190152e-03  2.4769830194e+02  6.3955426553e+01  
3.6695118099e+04  5.4485741371e-05  3.1457357448e-05  7.1159476920e-03  4.6105595735e+01  2.3052797867e+01  5.4147394659e-02  1.2468655449e+01  4.4083354101e+00  1.8565554338e-02  4.4799671178e+01  1.4166899935e+01  7.9868953451e-03  4.0942856685e+01  2.0471428343e+01  5.0777307132e-03  6.6052880517e+01  3.3026440258e+01  
3.7221207461e+04  5.4485741371e-05  3.1457357448e-05  7.9379172309e-03  9.2211191470e+01  3.2601579395e+01  6.0853028318e-02  2.3378728967e+01  6.0363618629e+00  2.0919561046e-02  3.5839736942e+01  1.2671260514e+01  9.2797802721e-03  6.1414285028e+01  2.5072276873e+01  5.4820509200e-03  6.6052880517e+01  3.3026440258e+01  
3.7919355935e+04  7.2647655162e-05  3.6323827581e-05  8.9361923951e-03  6.9158393602e+01  2.8233795959e+01  6.6603002457e-02  1.0910073518e+01  4.1236201877e+00  2.2932791541e-02  2.6879802707e+01  1.0973633503e+01  1.0354603689e-02  3.0707142514e+01  1.7728776997e+01  6.0999753506e-03  1.6513220129e+02  5.2219387112e+01  
3.8480703237e+04  1.0897148274e-04  4.4487421539e-05  9.6004426258e-03  3.4579196801e+01  1.9964308582e+01  7.3547871114e-02  1.7144401242e+01  5.1692314706e+00  2.5558130032e-02  5.8239572531e+01  1.6152751155e+01  1.0991170051e-02  2.0471428343e+01  1.4475485802e+01  6.8427630171e-03  6.6052880517e+01  3.3026440258e+01  
3.8919971940e+04  1.0897148274e-04  4.4487421539e-05  1.0412889158e-02  9.2211191470e+01  3.2601579395e+01  7.9581522404e-02  6.2343277245e+00  3.1171638622e+00  2.7789054519e-02  3.1359769824e+01  1.1852878875e+01  1.1816467401e-02  2.0471428343e+01  1.4475485802e+01  7.6641265972e-03  8.2566100646e+01  3.6924682736e+01  
3.9503949041e+04  1.0897148274e-04  4.4487421539e-05  1.1192850019e-02  1.1526398934e+01  1.1526398934e+01  8.5320428386e-02  6.2343277245e+00  3.1171638622e+00  2.8839138251e-02  4.4799671178e+00  4.4799671178e+00  1.2577404598e-02  2.0471428343e+01  1.4475485802e+01  8.2939308808e-03  1.6513220129e+01  1.6513220129e+01  
4.0033806912e+04  1.2713339653e-04  4.8051907223e-05  1.2229907918e-02  0.0000000000e+00  0.0000000000e+00  9.1480444963e-02  6.2343277245e+00  3.1171638622e+00  3.2500253217e-02  8.9599342355e+00  6.3356302569e+00  1.3975328568e-02  4.0942856685e+01  2.0471428343e+01  8.5522043175e-03  3.3026440258e+01  2.3353219865e+01  
4.0553913991e+04  1.8161913790e-04  5.7433014245e-05  1.3097481568e-02  0.0000000000e+00  0.0000000000e+00  9.8091479055e-02  6.2343277245e+00  3.1171638622e+00  3.3611238833e-02  8.9599342355e+00  6.3356302569e+00  1.4901648823e-02  3.0707142514e+01  1.7728776997e+01  9.4435494722e-03  3.3026440258e+01  2.3353219865e+01  
4.1228890931e+04  5.4485741371e-05  3.1457357448e-05  1.4219874106e-02  1.1526398934e+01  1.1526398934e+01  1.0450564338e-01  4.6757457934e+00  2.6995430925e+00  3.6310100116e-02  2.2399835589e+01  1.0017511012e+01  1.5893302937e-02  2.0471428343e+01  1.4475485802e+01  9.8457651794e-03  3.3026440258e+01  2.3353219865e+01  
4.1729464423e+04  7.2647655162e-05  3.6323827581e-05  1.4832628869e-02  0.0000000000e+00  0.0000000000e+00  1.1122492122e-01  3.1171638622e+00  2.2041677051e+00  3.8669185287e-02  1.3439901353e+01  7.7595306642e+00  1.6874394244e-02  2.0471428343e+01  1.4475485802e+01  1.0508668114e-02  0.0000000000e+00  0.0000000000e+00  
4.2451152398e+04  5.4485741371e-05  3.1457357448e-05  1.5709094227e-02  2.3052797867e+01  1.6300789697e+01  1.1784924140e-01  6.2343277245e+00  3.1171638622e+00  4.1002146579e-02  4.4799671178e+00  4.4799671178e+00  1.8002791815e-02  1.0235714171e+01  1.0235714171e+01  1.1114243521e-02  0.0000000000e+00  0.0000000000e+00  
4.2753894334e+04  1.8161913790e-05  1.8161913790e-05  1.6567776170e-02  0.0000000000e+00  0.0000000000e+00  1.2433656223e-01  0.0000000000e+00  0.0000000000e+00  4.3353713789e-02  4.4799671178e+00  4.4799671178e+00  1.8884606944e-02  0.0000000000e+00  0.0000000000e+00  1.1719818928e-02  0.0000000000e+00  0.0000000000e+00  
4.3633441601e+04  1.8161913790e-05  1.8161913790e-05  1.7867349911e-02  1.1526398934e+01  1.1526398934e+01  1.3394730063e-01  1.5585819311e+00  1.5585819311e+00  4.5684662779e-02  8.9599342355e+00  6.3356302569e+00  2.0348029241e-02  1.0235714171e+01  1.0235714171e+01  1.2626919346e-02  1.6513220129e+01  1.6513220129e+01  
