#pT  dN/(2pi dy pT dpT)  dN/(2pi dy pT dpT)_err  vn[2]  vn[2]_err
1.0790234624e-01  1.3193053143e+00  2.1022340227e-02  1.4300760609e-02  2.0192256188e-02  2.2818960155e-02  1.2195474061e-02  1.6717885513e-02  1.8274446538e-02  nan  nan  nan  nan  1.7281718673e-02  1.9325060583e-02  
2.0356585428e-01  1.2981981987e+00  1.9827661559e-02  2.1597625048e-02  8.1504848518e-03  nan  nan  1.2443665861e-02  1.2282100258e-02  1.8735425944e-02  1.1701380950e-02  1.2319493062e-02  1.2529779403e-02  2.4090413438e-02  6.9016640983e-03  
3.0172737312e-01  1.1899932971e+00  1.5141228676e-02  2.7376069849e-02  5.4623685347e-03  7.4282937378e-03  1.4669061108e-02  nan  nan  nan  nan  nan  nan  nan  nan  
4.0071762511e-01  1.0346602162e+00  1.2879965912e-02  3.4013506429e-02  4.8423716587e-03  2.2637327896e-02  5.2823055781e-03  9.4401072689e-03  1.1341412916e-02  nan  nan  2.1673976826e-02  5.0589156000e-03  3.1992849467e-03  3.7233114320e-02  
5.0024043827e-01  8.7294297225e-01  1.0130146756e-02  4.2018878783e-02  4.1132237125e-03  2.3526054413e-02  5.0736237124e-03  nan  nan  nan  nan  nan  nan  nan  nan  
5.9941230393e-01  7.1460270884e-01  6.9038808877e-03  3.3653267919e-02  4.5154855819e-03  3.4484373907e-02  4.0956038475e-03  1.2143970484e-02  8.8097232239e-03  nan  nan  2.7516174494e-03  3.7159541306e-02  1.1790046011e-03  7.1950948018e-02  
6.9929725376e-01  5.7270286550e-01  4.8504443621e-03  3.5356362563e-02  3.9635884164e-03  4.5983438432e-02  4.0056394784e-03  nan  nan  nan  nan  1.4577512434e-02  8.4822983422e-03  1.3495831037e-02  8.7657367447e-03  
7.9891971978e-01  4.5155539487e-01  3.1944678205e-03  2.1851727124e-02  5.8573765218e-03  5.2194737761e-02  4.5231411329e-03  1.2314758626e-02  9.3688565961e-03  1.3581830870e-02  9.3283496520e-03  nan  nan  nan  nan  
8.9880524592e-01  3.4995998652e-01  2.1939253351e-03  1.7430132168e-02  8.6143114795e-03  6.7109057520e-02  5.2998990544e-03  nan  nan  1.6613649484e-02  7.6160019780e-03  2.7441111798e-02  5.3454947473e-03  1.1902813567e-02  1.1076322265e-02  
9.9845944285e-01  2.6942670984e-01  1.9240101960e-03  2.3083047192e-02  8.3737287147e-03  7.6747469947e-02  5.2196322697e-03  2.0198316493e-02  8.6812097036e-03  1.0508805854e-02  1.6425314762e-02  nan  nan  nan  nan  
1.0986628017e+00  2.0703735875e-01  1.9437955535e-03  1.5788848653e-02  1.0960803157e-02  8.0421711192e-02  6.2000580268e-03  2.5671968846e-02  7.3772976354e-03  1.4280296601e-02  1.1527393378e-02  nan  nan  nan  nan  
1.1983211012e+00  1.5590481530e-01  1.8428486660e-03  nan  nan  7.9354639748e-02  6.2046993343e-03  2.8761355306e-02  8.1371874556e-03  nan  nan  7.9363436284e-03  2.8901683168e-02  1.6745873355e-02  1.2956930508e-02  
1.2982765157e+00  1.1843362233e-01  1.7649379044e-03  7.5399945447e-03  3.6684351079e-02  8.5179688221e-02  7.1200811072e-03  3.5557880052e-02  7.7865413927e-03  2.3399961163e-02  1.0723790600e-02  2.3843841689e-02  1.1513113864e-02  nan  nan  
1.3984485710e+00  9.1075028291e-02  1.5218924192e-03  nan  nan  9.3823008408e-02  8.7290749276e-03  3.2401824391e-03  9.4179548727e-02  2.7040416517e-02  1.4134773626e-02  9.3843308494e-03  3.6472049435e-02  7.8251505587e-03  3.8017001880e-02  
1.4983794850e+00  6.7952995818e-02  1.2089595896e-03  1.4569658221e-02  2.8183261383e-02  8.9155095615e-02  8.2568043826e-03  2.2773668122e-02  1.7255239423e-02  nan  nan  nan  nan  2.2914433347e-02  1.6256949209e-02  
1.5982136438e+00  5.2186482235e-02  1.1420547788e-03  4.1647275402e-02  1.5814271714e-02  1.0268818520e-01  1.0139216506e-02  nan  nan  nan  nan  4.6300945308e-02  1.2777223712e-02  nan  nan  
1.6979822317e+00  3.9189268572e-02  1.0740327746e-03  5.4603966766e-02  1.5676574931e-02  1.0921448133e-01  9.0070542998e-03  5.2546725588e-02  1.4572309573e-02  nan  nan  4.5603486963e-02  1.6255011301e-02  nan  nan  
1.7977555536e+00  2.9869955175e-02  7.5695517419e-04  4.6374160177e-02  1.7458322843e-02  1.1732046326e-01  1.1894151233e-02  6.4858994226e-02  1.6231831578e-02  4.7143745942e-02  2.0114112108e-02  nan  nan  nan  nan  
1.8982943684e+00  2.2720917415e-02  6.4030065477e-04  4.3479754053e-02  2.8255873594e-02  1.0577557078e-01  1.4212306568e-02  8.9127161260e-02  1.6534933488e-02  nan  nan  nan  nan  nan  nan  
1.9985134890e+00  1.6863063169e-02  5.3960449994e-04  2.7913091266e-02  4.9746807109e-02  1.1719069579e-01  1.6919142618e-02  2.5074128378e-02  5.9866591097e-02  7.1588616320e-02  2.6065706735e-02  2.7143248843e-02  4.6684991639e-02  nan  nan  
2.0987758223e+00  1.3464020238e-02  4.6513365054e-04  8.4394096678e-02  2.4146548462e-02  8.4229620111e-02  2.4280306119e-02  1.1428271340e-02  1.3137361892e-01  nan  nan  6.8054880817e-02  2.4402671696e-02  nan  nan  
2.1979708494e+00  9.7753422553e-03  4.1454296888e-04  8.4421510393e-02  3.3817469234e-02  1.4280979127e-01  2.0968975296e-02  nan  nan  1.5592400212e-02  1.3415288632e-01  nan  nan  nan  nan  
2.2991691147e+00  7.3376176871e-03  3.1326666986e-04  8.0828330916e-02  4.0055773978e-02  1.3209545135e-01  3.1682061683e-02  nan  nan  5.8368852108e-02  5.8498504595e-02  nan  nan  nan  nan  
2.3979354110e+00  5.4292014231e-03  2.3562031190e-04  5.2453256879e-02  8.3650479049e-02  8.7192720938e-02  5.6059675074e-02  1.7985796760e-01  3.6639597926e-02  nan  nan  nan  nan  1.0921047646e-01  5.5276623995e-02  
2.4972230928e+00  4.1713097459e-03  2.0229984678e-04  nan  nan  4.6448230999e+01  2.3764785741e+01  nan  nan  1.0666134208e+01  1.7556458506e+02  nan  nan  nan  nan  
2.5972403544e+00  3.2937183411e-03  1.8724436714e-04  7.7735896380e+01  3.8672768174e+01  7.1354909818e+01  3.5498225694e+01  nan  nan  nan  nan  nan  nan  4.3483394550e+01  2.1632968658e+01  
2.6969391943e+00  2.3693789540e-03  1.4036299362e-04  nan  nan  nan  nan  nan  nan  8.8859056302e+01  3.3920208338e+01  4.5589281699e+00  7.4500664768e+02  nan  nan  
2.7983062458e+00  1.8399209937e-03  1.1700699602e-04  4.7788003196e+01  9.8301519452e+01  4.0502681336e+01  6.6586405924e+01  nan  nan  7.9924669552e+01  3.6611302508e+01  nan  nan  1.2440042869e+02  4.6223945190e+01  
2.8995813614e+00  1.3914345914e-03  9.9427414684e-05  1.4649197101e+02  7.9757232692e+01  nan  nan  5.5395644747e+01  2.2030529924e+02  5.8090585327e+01  1.9910713026e+02  nan  nan  1.2704311789e+02  8.9758694883e+01  
3.0006605311e+00  1.0501913964e-03  9.0005562022e-05  nan  nan  1.1021494615e+02  1.0896100833e+02  5.6587960286e+01  2.2050808078e+02  nan  nan  1.5175352042e+02  8.5006383111e+01  7.4036791541e+01  1.2372644295e+02  
3.0964485842e+00  7.6584790224e-04  6.3575206731e-05  8.2282033719e+01  1.7413733355e+02  1.5819281500e+02  6.0997018915e+01  8.6614517204e+01  1.5443766481e+02  9.3086086800e+01  1.4138812986e+02  nan  nan  8.6710880295e+01  1.3678319297e+02  
3.1925816793e+00  6.5056190151e-04  5.8868569275e-05  1.9151277265e+02  7.0103008738e+01  nan  nan  1.2247253116e+02  1.1315505910e+02  2.0166776138e+02  8.2453439415e+01  1.4824731721e+02  1.0399139239e+02  1.4152891717e+02  9.6986655381e+01  
3.2966579583e+00  3.9104907313e-04  4.0070460585e-05  1.0186381682e+02  1.3809291045e+02  1.2732653857e+02  1.0405634011e+02  nan  nan  nan  nan  2.1561067616e+02  6.6666716672e+01  nan  nan  
3.3991144255e+00  3.3009843397e-04  3.3616937808e-05  1.1056926188e+02  1.5754977653e+02  nan  nan  nan  nan  1.5729779051e+02  1.0037057673e+02  1.2958257432e+02  1.2264209498e+02  nan  nan  
3.4934252061e+00  2.3234795707e-04  2.5565542478e-05  1.1931751798e+02  1.3470373400e+02  4.8583820824e+01  3.5482811554e+02  1.3953942974e+02  9.8473608786e+01  2.4369740107e+02  7.9789324805e+01  nan  nan  nan  nan  
3.5941788553e+00  1.8819556160e-04  2.3088997884e-05  nan  nan  2.0401739667e+02  8.3887612495e+01  nan  nan  nan  nan  1.5170929255e+02  1.0974361882e+02  7.7389079920e+01  2.2812291428e+02  
3.6845523453e+00  6.9112305966e-05  1.2548927908e-05  nan  nan  1.3460589283e+02  1.0123070033e+02  6.8731326495e+01  1.8131941609e+02  nan  nan  nan  nan  nan  nan  
3.7832104811e+00  1.8930938363e-05  6.7145470909e-06  1.9713830068e+02  4.1125354817e+01  nan  nan  nan  nan  3.3887129603e+01  1.8108707658e+02  1.2357689449e+02  6.2225400659e+01  nan  nan  
3.8808141629e+00  1.4353748396e-05  5.2318801113e-06  nan  nan  nan  nan  7.5421708865e+01  8.4118735227e+01  nan  nan  nan  nan  1.2972148086e+02  6.5473962052e+01  
4.0025243940e+00  9.9409102508e-06  4.3331423190e-06  nan  nan  7.0310257077e+01  9.6828416566e+01  1.0997801489e+02  3.7532382461e+01  nan  nan  nan  nan  nan  nan  
