#pT  dN/(2pi dy pT dpT)  dN/(2pi dy pT dpT)_err  vn{SP}  vn{SP}_err
1.0903139841e-01  5.9410465981e-02  2.3762913141e-03  3.9096405138e-03  1.2157764271e-02  2.4774604367e-02  2.2480931362e-02  -7.5880358170e-03  2.6254208882e-02  6.0472913482e-03  9.1407268251e-03  -4.7474967006e-03  2.1982731069e-02  3.5025909770e-03  6.7719545792e-03  
2.0382135711e-01  6.3522561152e-02  1.8755604374e-03  8.6418087255e-03  7.5219735686e-03  -2.0183059117e-02  1.6693144688e-02  -4.5305781602e-03  1.5492479017e-02  6.8028969996e-03  6.7299925875e-03  -9.9128939502e-03  3.5408336191e-02  -2.5553165870e-03  4.5949054061e-03  
3.0270484926e-01  6.1463213728e-02  1.7169544946e-03  -3.1256761996e-03  5.9043016616e-03  -4.1559476561e-03  1.3595936229e-02  1.2724320714e-02  1.4614194055e-02  -1.9604004834e-03  5.6385255622e-03  -5.0199604337e-03  1.9524496114e-02  4.1270666680e-03  4.2817116356e-03  
4.0219469349e-01  6.2186795876e-02  1.3777104343e-03  1.8416752005e-02  6.2948096544e-03  -2.2853128250e-04  1.1882539345e-02  1.7257166534e-02  1.4431350026e-02  -2.4664783182e-03  4.4986653118e-03  5.8695465675e-03  2.0940718577e-02  -1.6871936675e-03  2.9624113371e-03  
5.0123766968e-01  5.8487903619e-02  1.4782298125e-03  1.5869777092e-02  5.1885326558e-03  -5.2482603589e-03  1.0444049123e-02  1.9754950160e-02  1.3605477707e-02  8.0495411527e-04  4.2405069369e-03  2.1304195731e-03  9.6986699200e-03  -1.7722280697e-03  3.4291127918e-03  
6.0047111599e-01  5.5514748236e-02  1.1481436250e-03  1.4684925907e-02  4.6463049189e-03  1.6958404062e-02  1.1860077177e-02  1.1057798690e-02  1.1358491568e-02  -5.3963940475e-03  4.7895910131e-03  -5.3891572517e-03  1.9382934667e-02  -4.1302396567e-03  3.9769761295e-03  
7.0063131970e-01  5.2610101454e-02  1.1385057142e-03  2.4461818459e-02  5.9141726753e-03  -7.0945117989e-03  9.5353026504e-03  -4.2730566954e-03  9.0752469975e-03  4.5929959735e-03  3.9795040520e-03  -2.7934557846e-03  1.0938821351e-02  2.2277969950e-03  2.8270763539e-03  
8.0051240018e-01  4.9435682183e-02  1.0327791105e-03  3.0375909397e-02  6.4038978031e-03  2.3235082174e-02  1.1153312020e-02  1.6160268490e-02  1.1543467764e-02  5.0890889325e-03  3.7328325424e-03  8.1819066126e-04  7.3941768793e-03  -8.1756628538e-04  2.6060505618e-03  
9.0019825004e-01  4.5853049026e-02  7.9664533203e-04  2.2956414036e-02  6.0682602459e-03  4.8001232096e-02  9.9480664241e-03  1.7608234286e-02  1.1131169111e-02  1.4186982436e-03  4.0708670234e-03  3.0734311055e-03  1.2040394481e-02  1.0320169408e-04  2.2365500003e-03  
1.0007528326e+00  4.2088669968e-02  6.6274527480e-04  2.1588315700e-02  5.6197361210e-03  2.9825617479e-02  9.6053913311e-03  1.5192696527e-02  1.0903481927e-02  5.2810344004e-04  3.2577971411e-03  5.3184082484e-03  1.8789478361e-02  5.3308523321e-03  4.7714911399e-03  
1.0992353022e+00  3.7420191093e-02  6.1459423253e-04  1.7158684801e-02  4.6865208762e-03  7.2083142947e-02  1.3078972199e-02  3.4267025672e-02  1.4945462594e-02  3.1414889268e-04  2.7944693865e-03  -6.2321508696e-04  5.9531973641e-03  8.5049745435e-04  2.4269268441e-03  
1.1998731935e+00  3.2776118887e-02  5.0046907373e-04  1.3900470413e-02  4.3641616584e-03  4.3171287245e-02  1.0108026257e-02  8.2763294690e-03  8.9520533665e-03  3.2578358759e-03  3.8021266634e-03  6.7591413655e-03  2.3650437702e-02  5.4872163408e-04  2.5321866418e-03  
1.2995988399e+00  2.9532355177e-02  5.0216898798e-04  2.0615146732e-02  5.5723592550e-03  6.0920546257e-02  1.2626560882e-02  2.5927821262e-02  1.3837280131e-02  3.1257731688e-03  3.3554418187e-03  2.4919200015e-03  1.0549722435e-02  -5.1135126841e-04  2.2707727878e-03  
1.3990871929e+00  2.5060506691e-02  3.8700712860e-04  4.0292172070e-03  4.6755013804e-03  8.1849540620e-02  1.5023593461e-02  3.8426769171e-02  1.6318225523e-02  2.1237020842e-03  3.5709006166e-03  1.0141387782e-02  3.4717158807e-02  4.1074251757e-04  2.4397110422e-03  
1.4994967030e+00  2.1429445590e-02  3.9205218658e-04  1.4357761486e-02  5.3014294099e-03  8.2331205824e-02  1.4394887350e-02  8.6951067955e-03  1.1119965837e-02  9.1026827800e-04  4.6623194336e-03  -1.0083200616e-03  6.7921356114e-03  -2.2553198520e-03  3.5455683302e-03  
1.6002316254e+00  1.8334979322e-02  3.3754447605e-04  4.5527872779e-03  4.7075434375e-03  8.3355131631e-02  1.5799915806e-02  2.3987828121e-02  1.3391945217e-02  4.9520167447e-03  5.6258781464e-03  6.5190270207e-03  2.3396655127e-02  4.9476223089e-04  2.8711999644e-03  
1.6990181218e+00  1.5175294747e-02  3.2361849385e-04  6.2449915600e-03  4.5658111358e-03  7.4845615574e-02  1.2916660022e-02  1.6620834439e-02  1.2957227821e-02  5.0160462805e-04  4.0277597996e-03  -4.0162860258e-03  1.5565332760e-02  -1.7442826448e-03  3.3429154449e-03  
1.7981337374e+00  1.2121606421e-02  2.6648297626e-04  -4.0323779808e-03  5.7129029162e-03  9.0292189658e-02  1.8132253336e-02  1.9315636215e-02  1.6526488130e-02  4.7849477629e-03  5.4308579527e-03  2.5484214241e-03  1.1881802128e-02  4.1275324444e-03  4.5425768282e-03  
1.8987666697e+00  1.0473330114e-02  2.5316570483e-04  -1.0192913363e-02  6.6850285170e-03  1.1075492657e-01  1.6799621963e-02  1.7007574344e-02  1.3918172296e-02  2.5568982768e-03  5.0984806641e-03  6.7318020994e-03  2.4727544954e-02  -6.0449044001e-04  3.2544918977e-03  
1.9991843845e+00  8.7292295965e-03  2.5189060846e-04  3.4731873413e-03  6.7374340372e-03  1.0166956303e-01  1.6952892011e-02  4.2753904173e-02  2.0898621207e-02  -2.5772592088e-05  4.7815885395e-03  4.5749558720e-03  1.8993052539e-02  5.8529183169e-03  5.5188449193e-03  
2.0996253952e+00  6.8752042009e-03  2.3772108541e-04  -1.0167935366e-02  7.1071413586e-03  9.8087421770e-02  1.9638447025e-02  3.2696230884e-02  2.1276796760e-02  1.6209321541e-02  9.6892721021e-03  -8.0985866002e-03  2.9446946362e-02  -3.0542172841e-03  4.3658310430e-03  
2.1984569489e+00  5.5526145920e-03  1.9674774234e-04  -3.6828063253e-03  7.5450402486e-03  1.4429108838e-01  2.5890362916e-02  4.6677357024e-02  2.5046503480e-02  2.1552992347e-03  6.5231114976e-03  7.9967688790e-03  2.8704987541e-02  -3.7423287719e-03  4.7586628414e-03  
2.2986577708e+00  4.5870312285e-03  1.7991112141e-04  -3.4694181380e-02  1.0865318116e-02  1.1202656550e-01  2.2548204699e-02  2.5222546888e-02  2.0611969462e-02  1.0012402927e-02  6.9601459168e-03  1.0369235352e-02  3.6539037186e-02  -4.0069168352e-03  6.0467657920e-03  
2.3989108910e+00  3.3935296925e-03  1.5691986336e-04  -2.4522437445e-02  1.2862003724e-02  8.1313460031e-02  2.2334725684e-02  3.1417592870e-02  2.2031632851e-02  1.5592549953e-02  1.0713050704e-02  -2.8119317435e-03  1.5818944129e-02  -3.0924937034e-03  5.9363344311e-03  
2.4975905679e+00  2.8898558331e-03  1.2674829385e-04  -3.3620305703e-02  1.2593880214e-02  1.5336248021e-01  2.5829024745e-02  4.6290358308e-02  2.6756848138e-02  3.6504265957e-04  6.6707125045e-03  6.1810354317e-04  1.7288830756e-02  -3.0490073821e-03  6.2500528034e-03  
2.5964608965e+00  2.1760391188e-03  1.1414228966e-04  -6.9608540830e-02  1.5592694813e-02  1.4096161551e-01  3.2761628145e-02  6.3546119642e-02  3.3100928777e-02  1.9985188869e-03  9.9453625793e-03  -2.3524572495e-02  8.1074226992e-02  -5.3820505201e-03  7.4123709466e-03  
2.6981710066e+00  1.7725362954e-03  9.9010372856e-05  -5.9241789775e-02  1.7812628093e-02  1.5935145049e-01  3.2878243015e-02  1.2598724491e-02  2.8522582173e-02  -2.2844397922e-03  1.0214749228e-02  4.5708978748e-03  2.0828558141e-02  -2.7640109713e-03  7.2491216467e-03  
2.7989203739e+00  1.3391230932e-03  8.3502946780e-05  -3.0451509151e-02  1.4535120754e-02  1.4768366784e-01  3.8602822326e-02  6.8572828966e-02  3.9596214472e-02  7.6300994994e-03  1.2173543781e-02  -8.0594756519e-03  3.3813523044e-02  1.1982297849e-03  7.2730189468e-03  
2.8981576737e+00  9.3906192586e-04  6.3234415344e-05  -4.1030027530e-02  1.8260104120e-02  1.1181814984e-01  3.8893828827e-02  3.9735442737e-02  3.7895337950e-02  -6.0898421746e-03  1.1260599052e-02  -3.7935051962e-02  1.3006548212e-01  1.5273016379e-03  1.2022040387e-02  
2.9970962562e+00  8.2309722737e-04  6.6059422026e-05  -6.6691076584e-02  1.7195597699e-02  1.0275509869e-01  3.9046492523e-02  -2.3319163693e-03  3.3936672998e-02  -7.8767770483e-03  1.2990400284e-02  3.7025204402e-02  1.2844177968e-01  2.4032945743e-02  1.8447745941e-02  
3.0997824145e+00  6.6747080388e-04  5.4699940294e-05  -6.2933179667e-02  2.2359290103e-02  2.1166318286e-01  4.6754631523e-02  7.7500383311e-02  4.9392454395e-02  2.0178890550e-02  1.8552794792e-02  -4.3313709086e-04  2.2243805113e-02  -5.2319629646e-04  9.9912755456e-03  
3.1985639275e+00  4.4284842385e-04  3.8795483472e-05  -7.1656603802e-02  3.4822217367e-02  1.3660346300e-01  5.2606706827e-02  9.2982576951e-02  6.1922714527e-02  1.2571073806e-02  1.4772293539e-02  -9.6439815698e-03  4.2777208755e-02  -8.6492625353e-03  1.4246604726e-02  
3.2991307332e+00  3.4251449462e-04  3.5315266194e-05  -5.0658765100e-02  2.4657126553e-02  1.4471135844e-01  6.7985341459e-02  -5.2937659221e-02  5.8989210813e-02  2.9404065281e-02  2.5985472809e-02  -1.1546683280e-02  5.0443764316e-02  -1.8311388709e-02  1.7491558923e-02  
3.4026399149e+00  2.3854719583e-04  2.9393256661e-05  -7.0813027939e-02  3.1826844018e-02  8.2343524220e-02  6.1881469639e-02  2.6032654148e-02  6.5008840345e-02  2.3706487160e-02  2.6342745464e-02  1.2858843915e-02  6.5128824477e-02  1.7254974272e-03  2.0503834771e-02  
3.5002699014e+00  1.8415080482e-04  2.2204450332e-05  -9.4946195879e-02  4.0619992388e-02  1.4572996439e-01  9.5114710137e-02  1.0722267998e-01  9.0152129162e-02  -1.1902699432e-02  2.2232793801e-02  -3.9352057062e-02  1.4193238794e-01  1.8861982186e-03  2.0728193124e-02  
3.5989724489e+00  1.2161140431e-04  1.7515336248e-05  -4.8046349117e-02  4.7605589092e-02  1.2826993117e-01  1.0157816147e-01  1.0809767731e-01  1.0275583699e-01  -5.5264007832e-02  4.2688714772e-02  -5.5707318005e-02  1.9626716467e-01  1.7893211779e-02  2.7958686551e-02  
3.6859903510e+00  8.6356679158e-05  1.5265848356e-05  -7.3293642452e-02  4.9485771175e-02  2.6551984681e-01  9.9358844032e-02  -1.2029972960e-02  9.8287744863e-02  -7.9219782590e-03  2.9250863663e-02  -1.2766363662e-02  7.9065675006e-02  5.2696431933e-03  2.1836207002e-02  
3.7931397690e+00  4.1958628685e-05  9.8401706622e-06  -1.4215818544e-01  7.0263357635e-02  1.7578378835e-01  9.5623139051e-02  1.3703132471e-01  1.3141090842e-01  -6.1299948266e-02  5.5578601098e-02  -2.7697446545e-02  1.2570332875e-01  3.1918651994e-02  4.9289706452e-02  
3.9018796242e+00  2.4473580693e-05  7.2278825803e-06  -8.7306308223e-02  6.5688327185e-02  1.5456234688e-01  1.5345751668e-01  -3.3274425991e-02  1.4975772561e-01  1.6598139174e-02  6.3621837310e-02  2.0361015860e-01  7.0017173535e-01  -6.0063354049e-02  6.8580210506e-02  
4.0046874625e+00  1.5896865317e-05  6.0793819825e-06  -1.1669338050e-02  1.0200691768e-01  -3.2391328865e-02  1.8407904958e-01  1.7747664660e-01  1.7495643734e-01  -1.7387234794e-02  1.0302083893e-01  1.3240135018e-03  1.0617612581e-01  1.3747019554e-02  5.7177837528e-02  
