#pT  dN/(2pi dy pT dpT)  dN/(2pi dy pT dpT)_err  vn[2]  vn[2]_err
1.0903139841e-01  5.9410465981e-02  2.3762913141e-03  nan  nan  7.9762859866e+01  3.9681614922e+01  nan  nan  nan  nan  nan  nan  nan  nan  
2.0382135711e-01  6.3522561152e-02  1.8755604374e-03  6.0478136374e-02  6.9859228584e-02  nan  nan  nan  nan  nan  nan  nan  nan  7.3425131972e-02  4.9502607995e-02  
3.0270484926e-01  6.1463213728e-02  1.7169544946e-03  8.3049685210e-02  3.2216697136e-02  6.5428620273e-02  3.6358125499e-02  nan  nan  nan  nan  1.7110712885e-02  1.4596187613e-01  nan  nan  
4.0219469349e-01  6.2186795876e-02  1.3777104343e-03  nan  nan  4.7497471973e-02  3.6631584830e-02  nan  nan  nan  nan  nan  nan  nan  nan  
5.0123766968e-01  5.8487903619e-02  1.4782298125e-03  9.4803112434e-02  2.1976275663e-02  nan  nan  nan  nan  2.8987082135e-02  4.5446616080e-02  nan  nan  nan  nan  
6.0047111599e-01  5.5514748236e-02  1.1481436250e-03  nan  nan  nan  nan  5.0859445250e-02  3.2635881636e-02  3.3298033351e-02  3.3536764387e-02  nan  nan  nan  nan  
7.0063131970e-01  5.2610101454e-02  1.1385057142e-03  1.3651158726e-02  9.0077774224e-02  5.2187919425e-02  2.2824713069e-02  1.6130257215e-02  7.6858082835e-02  nan  nan  1.9792994707e-02  6.7859410304e-02  nan  nan  
8.0051240018e-01  4.9435682183e-02  1.0327791105e-03  nan  nan  4.6070621721e-02  2.8077656799e-02  nan  nan  nan  nan  2.3260561651e-02  4.5777743946e-02  3.6862068302e-02  4.2712410556e-02  
9.0019825004e-01  4.5853049026e-02  7.9664533203e-04  7.9309544407e-02  1.8263518569e-02  2.7344380552e-02  3.8482356977e-02  nan  nan  2.3419201505e-02  3.7437936935e-02  nan  nan  nan  nan  
1.0007528326e+00  4.2088669968e-02  6.6274527480e-04  4.8376810309e-02  2.3275130693e-02  3.9140938545e-02  2.8816446921e-02  5.4108970781e-02  1.7368484492e-02  2.5782784258e-02  4.1726664590e-02  nan  nan  7.5511873909e-02  1.4102295207e-02  
1.0992353022e+00  3.7420191093e-02  6.1459423253e-04  nan  nan  7.5716308098e-02  1.8079395710e-02  2.8603542623e-02  3.2411327204e-02  nan  nan  nan  nan  nan  nan  
1.1998731935e+00  3.2776118887e-02  5.0046907373e-04  nan  nan  nan  nan  7.1895172255e-03  1.5198277146e-01  5.0841230623e-02  2.4803450325e-02  3.7593856284e-02  2.6928096066e-02  nan  nan  
1.2995988399e+00  2.9532355177e-02  5.0216898798e-04  6.2192734586e-02  1.6988223412e-02  5.8814411166e-02  2.0443481535e-02  6.1390644482e-02  2.2122717911e-02  nan  nan  5.4677147856e-02  2.3733688837e-02  1.8200007270e-02  6.2711138382e-02  
1.3990871929e+00  2.5060506691e-02  3.8700712860e-04  nan  nan  8.9364912300e-02  1.7248306642e-02  5.2405870376e-02  2.4654569123e-02  nan  nan  3.5826584454e-02  3.4918520621e-02  4.1497587402e-02  2.5030748673e-02  
1.4994967030e+00  2.1429445590e-02  3.9205218658e-04  nan  nan  8.9104217824e-02  1.6107095177e-02  2.8575722659e-02  4.8311953580e-02  nan  nan  nan  nan  3.1443295770e-02  4.4345162106e-02  
1.6002316254e+00  1.8334979322e-02  3.3754447605e-04  nan  nan  7.8755410583e-02  2.5638749232e-02  nan  nan  1.5721181016e-02  9.4595891069e-02  4.0878642626e-02  2.8999741650e-02  nan  nan  
1.6990181218e+00  1.5175294747e-02  3.2361849385e-04  nan  nan  5.1605152908e-02  3.0225770076e-02  7.0316201308e-02  2.5108282459e-02  4.7508213982e-02  3.9227211608e-02  7.3075609476e-02  2.6159190719e-02  nan  nan  
1.7981337374e+00  1.2121606421e-02  2.6648297626e-04  nan  nan  9.7182876533e-02  2.7318455459e-02  5.1694343878e-02  4.1271918141e-02  nan  nan  8.3205694068e-02  2.6265663409e-02  6.1919361233e-02  3.5849611640e-02  
1.8987666697e+00  1.0473330114e-02  2.5316570483e-04  nan  nan  9.8712353506e-02  2.6689412798e-02  1.6520864867e-02  1.4719829823e-01  7.0481949474e-02  3.7338821545e-02  5.6701426043e-02  3.9398018656e-02  nan  nan  
1.9991843845e+00  8.7292295965e-03  2.5189060846e-04  5.0458906607e-02  4.5575004423e-02  1.0935659711e-01  2.6752143616e-02  nan  nan  nan  nan  9.0866306620e-02  3.8184260198e-02  5.5508797344e-02  5.6077696514e-02  
2.0996253952e+00  6.8752042009e-03  2.3772108541e-04  nan  nan  1.0984942138e-01  3.7863986764e-02  nan  nan  nan  nan  nan  nan  2.6144125324e-02  1.5781776483e-01  
2.1984569489e+00  5.5526145920e-03  1.9674774234e-04  9.9100366473e-02  5.2006013455e-02  1.9097399382e-01  2.8267082672e-02  nan  nan  nan  nan  4.8200525511e-02  8.3949210728e-02  nan  nan  
2.2986577708e+00  4.5870312285e-03  1.7991112141e-04  5.8053411352e-02  9.3965392119e-02  1.4784351342e-01  4.7452821856e-02  6.4912613189e-02  8.5527310309e-02  6.9043037409e-02  9.4098715841e-02  nan  nan  9.1233440486e-02  6.5318380813e-02  
2.3989108910e+00  3.3935296925e-03  1.5691986336e-04  9.7897504563e-02  8.4916187957e-02  8.0345295912e-02  1.0964446773e-01  nan  nan  1.2110106583e-01  6.6091158710e-02  1.7397032078e-01  5.4153028267e-02  nan  nan  
2.4975905679e+00  2.8898558331e-03  1.2674829385e-04  1.0405245731e-01  9.2878577702e-02  1.5908272995e-02  4.6840171217e-01  nan  nan  nan  nan  nan  nan  nan  nan  
2.5964608965e+00  2.1760391188e-03  1.1414228966e-04  nan  nan  6.0889034631e+01  1.1661339925e+02  6.0186567845e+01  6.6875069562e+01  9.5308871977e+01  5.0169144887e+01  1.1229700464e+02  6.6850902839e+01  nan  nan  
2.6981710066e+00  1.7725362954e-03  9.9010372856e-05  nan  nan  1.3563705561e+02  5.7202663917e+01  1.3676446913e+02  3.7902224692e+01  1.3740879464e+02  4.8282113726e+01  nan  nan  1.0257288891e+02  5.5243059669e+01  
2.7989203739e+00  1.3391230932e-03  8.3502946780e-05  nan  nan  nan  nan  nan  nan  nan  nan  6.7247541613e+01  9.6686486789e+01  nan  nan  
2.8981576737e+00  9.3906192586e-04  6.3234415344e-05  8.2418902636e+01  1.3546477400e+02  nan  nan  6.8756895843e+01  1.0592291712e+02  nan  nan  5.5212124875e+01  1.7732521850e+02  1.6043337021e+02  5.0411188810e+01  
2.9970962562e+00  8.2309722737e-04  6.6059422026e-05  nan  nan  nan  nan  nan  nan  1.2170452370e+02  7.9290926661e+01  nan  nan  1.1639697977e+02  9.8583466346e+01  
3.0997824145e+00  6.6747080388e-04  5.4699940294e-05  1.6467095572e+02  9.6978272474e+01  nan  nan  5.7859677837e+01  2.6401192837e+02  nan  nan  2.2060481555e+02  6.6818370819e+01  nan  nan  
3.1985639275e+00  4.4284842385e-04  3.8795483472e-05  nan  nan  1.9168289876e+02  9.3951647860e+01  nan  nan  7.0910176081e+01  2.5181497430e+02  nan  nan  1.0152431568e+02  1.5280087476e+02  
3.2991307332e+00  3.4251449462e-04  3.5315266194e-05  nan  nan  nan  nan  nan  nan  nan  nan  1.7516357460e+02  1.0252176962e+02  6.9349254460e+01  2.2879954428e+02  
3.4026399149e+00  2.3854719583e-04  2.9393256661e-05  nan  nan  nan  nan  1.3006583243e+02  1.2312249391e+02  1.6898817344e+02  1.1876523230e+02  nan  nan  nan  nan  
3.5002699014e+00  1.8415080482e-04  2.2204450332e-05  nan  nan  nan  nan  nan  nan  1.9301526985e+02  8.4891379940e+01  1.2348344147e+02  1.2530596969e+02  1.6629022744e+02  8.8994221979e+01  
3.5989724489e+00  1.2161140431e-04  1.7515336248e-05  1.0610818290e+02  1.5131912809e+02  nan  nan  nan  nan  nan  nan  1.1493350414e+02  1.2559237658e+02  nan  nan  
3.6859903510e+00  8.6356679158e-05  1.5265848356e-05  nan  nan  1.5726797452e+02  9.0158563048e+01  nan  nan  1.0060428197e+02  1.4163554099e+02  nan  nan  1.1253486064e+02  1.3483688293e+02  
3.7931397690e+00  4.1958628685e-05  9.8401706622e-06  nan  nan  7.8117859032e+01  1.4736169095e+02  nan  nan  nan  nan  nan  nan  nan  nan  
3.9018796242e+00  2.4473580693e-05  7.2278825803e-06  nan  nan  nan  nan  4.8049747469e+01  1.6177103328e+02  1.2809821038e+02  6.5035406743e+01  nan  nan  1.7982275882e+02  5.3127518973e+01  
4.0046874625e+00  1.5896865317e-05  6.0793819825e-06  1.1473159364e+02  4.6472094535e+01  nan  nan  4.9574764172e+01  1.4187425084e+02  7.9299239145e+01  8.4256185478e+01  4.3068472930e+01  7.0502609574e+01  9.6042400690e+01  6.2079345690e+01  
