#pT  dN/(2pi dy pT dpT)  dN/(2pi dy pT dpT)_err  vn{SP}  vn{SP}_err
8.4617781620e-02  9.4043438663e-04  2.8213031599e-04  1.8336816870e-02  1.5994273569e-02  nan  nan  nan  nan  nan  nan  nan  nan  nan  nan  
2.0052522318e-01  1.1111665499e-03  2.0297380701e-04  5.8830904284e-03  1.0966678043e-02  nan  nan  nan  nan  nan  nan  nan  nan  nan  nan  
3.0515977993e-01  1.1213244672e-03  1.6597549192e-04  -6.9118713168e-03  1.1760395523e-02  nan  nan  nan  nan  nan  nan  nan  nan  nan  nan  
4.0227695245e-01  1.1671239908e-03  1.3732305226e-04  5.5958428425e-03  9.0761681289e-03  nan  nan  nan  nan  nan  nan  nan  nan  nan  nan  
4.9828053401e-01  9.1031368235e-04  1.1350236190e-04  -3.8388546088e-03  7.4675788298e-03  nan  nan  nan  nan  nan  nan  nan  nan  nan  nan  
6.0527266875e-01  1.1964111852e-03  1.3675166811e-04  7.9681183439e-03  6.3040385379e-03  nan  nan  nan  nan  nan  nan  nan  nan  nan  nan  
7.0382320791e-01  1.0628070005e-03  9.5698326108e-05  9.2917106516e-03  7.0382230265e-03  nan  nan  nan  nan  nan  nan  nan  nan  nan  nan  
7.9836969434e-01  1.1861320867e-03  1.0707058604e-04  5.9835849312e-03  6.3959706501e-03  nan  nan  nan  nan  nan  nan  nan  nan  nan  nan  
8.9876098304e-01  1.0890580682e-03  1.0238300441e-04  1.7139700876e-02  8.9203957419e-03  nan  nan  nan  nan  nan  nan  nan  nan  nan  nan  
1.0025010763e+00  9.9223673501e-04  8.6501193090e-05  8.8276338429e-03  6.9367369211e-03  nan  nan  nan  nan  nan  nan  nan  nan  nan  nan  
1.1018521382e+00  9.8221310784e-04  9.3341990449e-05  1.2199744573e-02  7.3751063611e-03  nan  nan  nan  nan  nan  nan  nan  nan  nan  nan  
1.1973475155e+00  9.6369126108e-04  8.0511695675e-05  1.7681367184e-03  5.0035230528e-03  nan  nan  nan  nan  nan  nan  nan  nan  nan  nan  
1.2995769955e+00  8.5114376247e-04  7.1878163206e-05  7.2715520905e-03  5.7769076669e-03  nan  nan  nan  nan  nan  nan  nan  nan  nan  nan  
1.4048260468e+00  7.7038265037e-04  6.7272680839e-05  7.6086969502e-03  5.6808847483e-03  nan  nan  nan  nan  nan  nan  nan  nan  nan  nan  
1.5037093454e+00  6.7209390655e-04  6.0734521146e-05  1.7509679300e-02  8.6837554889e-03  nan  nan  nan  nan  nan  nan  nan  nan  nan  nan  
1.5931631383e+00  6.6932136009e-04  6.0030730238e-05  9.3184942503e-03  6.4187622143e-03  nan  nan  nan  nan  nan  nan  nan  nan  nan  nan  
1.6992443024e+00  7.7739617861e-04  5.5892083076e-05  4.7151782168e-03  4.6184065530e-03  nan  nan  nan  nan  nan  nan  nan  nan  nan  nan  
1.7962267255e+00  6.0694529514e-04  5.0378477408e-05  2.2491835659e-03  6.2240129278e-03  nan  nan  nan  nan  nan  nan  nan  nan  nan  nan  
1.8989871977e+00  5.5314887116e-04  4.4695406476e-05  6.1237457014e-03  5.7464684925e-03  nan  nan  nan  nan  nan  nan  nan  nan  nan  nan  
1.9967069418e+00  4.1049987830e-04  3.9233775671e-05  -4.5452226576e-03  6.0343308814e-03  nan  nan  nan  nan  nan  nan  nan  nan  nan  nan  
2.0967547159e+00  3.9850319392e-04  4.3064174448e-05  8.5306310092e-03  7.4422178099e-03  nan  nan  nan  nan  nan  nan  nan  nan  nan  nan  
2.1991537135e+00  3.6547352604e-04  3.5636744958e-05  -2.7452901441e-03  6.5464136638e-03  nan  nan  nan  nan  nan  nan  nan  nan  nan  nan  
2.3016368322e+00  2.8005179207e-04  3.3767955093e-05  -3.2214645916e-03  5.9417788461e-03  nan  nan  nan  nan  nan  nan  nan  nan  nan  nan  
2.4032342110e+00  2.3509986888e-04  2.7020821320e-05  1.1348737969e-02  8.2211694963e-03  nan  nan  nan  nan  nan  nan  nan  nan  nan  nan  
2.5099511442e+00  2.0291064990e-04  2.3944988141e-05  -8.9697396321e-03  8.5082491374e-03  nan  nan  nan  nan  nan  nan  nan  nan  nan  nan  
2.6012985394e+00  1.8966693599e-04  2.1966273831e-05  -1.2230860781e-02  7.9566744934e-03  nan  nan  nan  nan  nan  nan  nan  nan  nan  nan  
2.6927628342e+00  1.5367222345e-04  2.1908638702e-05  -1.1675670326e-03  8.1472991315e-03  nan  nan  nan  nan  nan  nan  nan  nan  nan  nan  
2.7961740017e+00  1.1668359450e-04  1.8042011101e-05  -1.6015333570e-02  9.7243504960e-03  nan  nan  nan  nan  nan  nan  nan  nan  nan  nan  
2.8990153580e+00  1.2352422379e-04  1.9936588813e-05  -4.9735953492e-03  9.4210607628e-03  nan  nan  nan  nan  nan  nan  nan  nan  nan  nan  
3.0048325905e+00  1.1652591753e-04  1.8469989049e-05  -5.5966496238e-03  1.1194811480e-02  nan  nan  nan  nan  nan  nan  nan  nan  nan  nan  
3.1072252036e+00  7.1709292293e-05  1.4968432944e-05  -2.1893826812e-02  1.7296329339e-02  nan  nan  nan  nan  nan  nan  nan  nan  nan  nan  
3.1957655341e+00  6.7232458342e-05  1.2124979256e-05  6.8231233370e-05  1.0089385554e-02  nan  nan  nan  nan  nan  nan  nan  nan  nan  nan  
3.2985329954e+00  5.3075242119e-05  1.1610170050e-05  -1.5238109083e-02  1.5777744126e-02  nan  nan  nan  nan  nan  nan  nan  nan  nan  nan  
3.3865702708e+00  3.0547339846e-05  7.9024425404e-06  -4.1286398397e-02  2.9850533445e-02  nan  nan  nan  nan  nan  nan  nan  nan  nan  nan  
3.5000683388e+00  3.8651160062e-05  9.1255990226e-06  -4.1691987121e-02  2.1403739722e-02  nan  nan  nan  nan  nan  nan  nan  nan  nan  nan  
3.5967894306e+00  3.7611793591e-05  8.3107195987e-06  1.6744038461e-02  1.7732610538e-02  nan  nan  nan  nan  nan  nan  nan  nan  nan  nan  
3.6712257686e+00  1.5173196519e-05  5.5305654597e-06  -1.8556507752e-02  3.6906797656e-02  nan  nan  nan  nan  nan  nan  nan  nan  nan  nan  
3.7500000000e+00  0.0000000000e+00  0.0000000000e+00  0.0000000000e+00  0.0000000000e+00  nan  nan  nan  nan  nan  nan  nan  nan  nan  nan  
3.9125112800e+00  2.0339231200e-06  2.0237279524e-06  -1.5722432933e-01  1.6806309185e-01  nan  nan  nan  nan  nan  nan  nan  nan  nan  nan  
4.0123767000e+00  1.9833001100e-06  1.9733586935e-06  3.8066955605e-02  4.0691223065e-02  nan  nan  nan  nan  nan  nan  nan  nan  nan  nan  
