#pT  dN/(2pi dy pT dpT)  dN/(2pi dy pT dpT)_err  vn{SP}  vn{SP}_err
8.4617781620e-02  9.4043438663e-04  2.8213031599e-04  2.0204903731e-02  2.0537827518e-02  nan  nan  nan  nan  nan  nan  nan  nan  nan  nan  
2.0052522318e-01  1.1111665499e-03  2.0297380701e-04  8.0629335908e-03  1.4280520715e-02  nan  nan  nan  nan  nan  nan  nan  nan  nan  nan  
3.0515977993e-01  1.1213244672e-03  1.6597549192e-04  -9.6594744301e-03  1.5185063923e-02  nan  nan  nan  nan  nan  nan  nan  nan  nan  nan  
4.0227695245e-01  1.1671239908e-03  1.3732305226e-04  5.2204810408e-03  1.1161663520e-02  nan  nan  nan  nan  nan  nan  nan  nan  nan  nan  
4.9828053401e-01  9.1031368235e-04  1.1350236190e-04  -4.2274372764e-03  9.1087470575e-03  nan  nan  nan  nan  nan  nan  nan  nan  nan  nan  
6.0527266875e-01  1.1964111852e-03  1.3675166811e-04  9.4472951480e-03  8.5040880240e-03  nan  nan  nan  nan  nan  nan  nan  nan  nan  nan  
7.0382320791e-01  1.0628070005e-03  9.5698326108e-05  1.0929785750e-02  9.5107469181e-03  nan  nan  nan  nan  nan  nan  nan  nan  nan  nan  
7.9836969434e-01  1.1861320867e-03  1.0707058604e-04  9.2826008193e-03  8.6540114956e-03  nan  nan  nan  nan  nan  nan  nan  nan  nan  nan  
8.9876098304e-01  1.0890580682e-03  1.0238300441e-04  1.9684433772e-02  1.3011943894e-02  nan  nan  nan  nan  nan  nan  nan  nan  nan  nan  
1.0025010763e+00  9.9223673501e-04  8.6501193090e-05  1.0262632219e-02  9.2728848078e-03  nan  nan  nan  nan  nan  nan  nan  nan  nan  nan  
1.1018521382e+00  9.8221310784e-04  9.3341990449e-05  1.6996085243e-02  1.1482889123e-02  nan  nan  nan  nan  nan  nan  nan  nan  nan  nan  
1.1973475155e+00  9.6369126108e-04  8.0511695675e-05  1.2637166238e-03  5.8745155864e-03  nan  nan  nan  nan  nan  nan  nan  nan  nan  nan  
1.2995769955e+00  8.5114376247e-04  7.1878163206e-05  9.2335566599e-03  7.8124231048e-03  nan  nan  nan  nan  nan  nan  nan  nan  nan  nan  
1.4048260468e+00  7.7038265037e-04  6.7272680839e-05  9.9595775932e-03  8.1220113462e-03  nan  nan  nan  nan  nan  nan  nan  nan  nan  nan  
1.5037093454e+00  6.7209390655e-04  6.0734521146e-05  2.1723948019e-02  1.3606964203e-02  nan  nan  nan  nan  nan  nan  nan  nan  nan  nan  
1.5931631383e+00  6.6932136009e-04  6.0030730238e-05  1.0818161970e-02  8.7440252382e-03  nan  nan  nan  nan  nan  nan  nan  nan  nan  nan  
1.6992443024e+00  7.7739617861e-04  5.5892083076e-05  6.2166074297e-03  6.1463090476e-03  nan  nan  nan  nan  nan  nan  nan  nan  nan  nan  
1.7962267255e+00  6.0694529514e-04  5.0378477408e-05  2.7496802329e-03  7.5701780591e-03  nan  nan  nan  nan  nan  nan  nan  nan  nan  nan  
1.8989871977e+00  5.5314887116e-04  4.4695406476e-05  6.6409559085e-03  7.1061834677e-03  nan  nan  nan  nan  nan  nan  nan  nan  nan  nan  
1.9967069418e+00  4.1049987830e-04  3.9233775671e-05  -4.6563121059e-03  7.5655138362e-03  nan  nan  nan  nan  nan  nan  nan  nan  nan  nan  
2.0967547159e+00  3.9850319392e-04  4.3064174448e-05  1.2415820190e-02  1.0661060487e-02  nan  nan  nan  nan  nan  nan  nan  nan  nan  nan  
2.1991537135e+00  3.6547352604e-04  3.5636744958e-05  -3.8034441036e-04  7.5475370857e-03  nan  nan  nan  nan  nan  nan  nan  nan  nan  nan  
2.3016368322e+00  2.8005179207e-04  3.3767955093e-05  -3.2818712644e-03  7.0302498597e-03  nan  nan  nan  nan  nan  nan  nan  nan  nan  nan  
2.4032342110e+00  2.3509986888e-04  2.7020821320e-05  1.4246388776e-02  1.1216079968e-02  nan  nan  nan  nan  nan  nan  nan  nan  nan  nan  
2.5099511442e+00  2.0291064990e-04  2.3944988141e-05  -9.4770130702e-03  1.0559145394e-02  nan  nan  nan  nan  nan  nan  nan  nan  nan  nan  
2.6012985394e+00  1.8966693599e-04  2.1966273831e-05  -1.4243642247e-02  1.0869085005e-02  nan  nan  nan  nan  nan  nan  nan  nan  nan  nan  
2.6927628342e+00  1.5367222345e-04  2.1908638702e-05  -2.9671651580e-03  9.9456492707e-03  nan  nan  nan  nan  nan  nan  nan  nan  nan  nan  
2.7961740017e+00  1.1668359450e-04  1.8042011101e-05  -2.0088040842e-02  1.4503653257e-02  nan  nan  nan  nan  nan  nan  nan  nan  nan  nan  
2.8990153580e+00  1.2352422379e-04  1.9936588813e-05  -4.2016896419e-03  1.1611415524e-02  nan  nan  nan  nan  nan  nan  nan  nan  nan  nan  
3.0048325905e+00  1.1652591753e-04  1.8469989049e-05  -5.2778030121e-03  1.2884003708e-02  nan  nan  nan  nan  nan  nan  nan  nan  nan  nan  
3.1072252036e+00  7.1709292293e-05  1.4968432944e-05  -2.4264103097e-02  2.2377977064e-02  nan  nan  nan  nan  nan  nan  nan  nan  nan  nan  
3.1957655341e+00  6.7232458342e-05  1.2124979256e-05  -1.1168058107e-03  1.1970613190e-02  nan  nan  nan  nan  nan  nan  nan  nan  nan  nan  
3.2985329954e+00  5.3075242119e-05  1.1610170050e-05  -1.8445438142e-02  2.0095334110e-02  nan  nan  nan  nan  nan  nan  nan  nan  nan  nan  
3.3865702708e+00  3.0547339846e-05  7.9024425404e-06  -4.8861356966e-02  4.0234617931e-02  nan  nan  nan  nan  nan  nan  nan  nan  nan  nan  
3.5000683388e+00  3.8651160062e-05  9.1255990226e-06  -4.5474451337e-02  2.9072988951e-02  nan  nan  nan  nan  nan  nan  nan  nan  nan  nan  
3.5967894306e+00  3.7611793591e-05  8.3107195987e-06  2.1782573695e-02  2.3810289672e-02  nan  nan  nan  nan  nan  nan  nan  nan  nan  nan  
3.6712257686e+00  1.5173196519e-05  5.5305654597e-06  -1.6181849721e-02  4.5208804570e-02  nan  nan  nan  nan  nan  nan  nan  nan  nan  nan  
3.7500000000e+00  0.0000000000e+00  0.0000000000e+00  0.0000000000e+00  0.0000000000e+00  nan  nan  nan  nan  nan  nan  nan  nan  nan  nan  
3.9125112800e+00  2.0339231200e-06  2.0237279524e-06  -1.9211155735e-01  2.1774974339e-01  nan  nan  nan  nan  nan  nan  nan  nan  nan  nan  
4.0123767000e+00  1.9833001100e-06  1.9733586935e-06  5.7046309796e-02  6.4659406705e-02  nan  nan  nan  nan  nan  nan  nan  nan  nan  nan  
