#pT  dN/(2pi dy pT dpT)  dN/(2pi dy pT dpT)_err  vn{SP}  vn{SP}_err
1.1004284246e-01  5.6935115528e-02  2.8165871059e-03  4.8900089807e-03  6.6695726233e-03  1.0684019039e-03  2.5552171165e-02  -1.9217237077e-03  1.1862485217e-02  5.8660891389e-04  4.0931161739e-03  -1.7775382215e-04  2.8385889053e-03  1.2001288996e-03  1.5918036559e-03  
2.0324957980e-01  5.4285184005e-02  2.4510856775e-03  1.0305767935e-02  5.6246764402e-03  1.3562767161e-03  1.9693574839e-02  4.3561207360e-03  1.0427951275e-02  2.6533211231e-03  2.8617429777e-03  -2.3013478421e-04  2.1048332626e-03  6.7077327431e-04  1.4784043370e-03  
3.0380899549e-01  5.5171891409e-02  1.9379852656e-03  4.1637986359e-03  4.5628471186e-03  -3.2513468860e-03  1.5012979978e-02  7.8913183220e-05  7.3645391766e-03  -1.2584983350e-03  2.6693230729e-03  -1.8770417392e-03  1.6163841254e-03  1.1362502567e-03  1.4294420060e-03  
4.0053465495e-01  5.3712162033e-02  1.7461978017e-03  1.6649139071e-03  4.4918844992e-03  -1.8616556415e-02  1.5884572306e-02  -1.0913293104e-02  6.6599004872e-03  1.2601523740e-03  2.2654953228e-03  1.8811025232e-03  1.4173121663e-03  2.1969385649e-05  9.6294158581e-04  
5.0037708814e-01  5.1255452801e-02  1.5379530120e-03  -4.7964204056e-04  3.1140918385e-03  3.1078994590e-02  1.1558638659e-02  4.3014190580e-03  5.5323379811e-03  2.6470223839e-03  1.8887188821e-03  2.8516029539e-04  1.3569087952e-03  -8.0961822354e-04  9.4416016032e-04  
6.0110269221e-01  4.9164140146e-02  1.4329243621e-03  8.5496682719e-03  4.0742440732e-03  7.3386199802e-03  1.1449503320e-02  4.6169674781e-03  5.0912277302e-03  3.1330353686e-04  1.6396015063e-03  1.1441710040e-03  1.1416092459e-03  -3.8656414627e-04  9.1831522789e-04  
7.0019703063e-01  4.5645975794e-02  1.3004849185e-03  1.4596563124e-02  3.5763917776e-03  3.3561644754e-02  1.4346545669e-02  -1.3274331721e-03  5.0665027346e-03  2.7474659165e-03  1.7314829977e-03  -4.5221766756e-04  1.1321563923e-03  7.7748943799e-04  9.6363321587e-04  
8.0059323335e-01  4.0430037571e-02  9.0260906671e-04  1.4459661057e-02  3.9447101945e-03  2.3828997396e-03  1.0829728720e-02  7.1122591243e-03  4.4171598831e-03  2.1154524823e-03  1.8231599324e-03  8.5119191626e-04  1.1040450384e-03  1.0528789381e-03  7.8199350624e-04  
9.0055184635e-01  3.8327741107e-02  1.0966025227e-03  5.9821383131e-03  2.9363294992e-03  3.3557976491e-02  1.1197516783e-02  -1.5039554600e-02  5.2272812465e-03  -5.5998560926e-05  1.5520029890e-03  5.0378361747e-04  1.1213904986e-03  -1.2319891470e-04  6.4028952194e-04  
9.9966783785e-01  3.4983396517e-02  8.4069071460e-04  1.5122265941e-02  3.4157669599e-03  2.5023992411e-02  9.3613296612e-03  4.9196109569e-03  4.5103685797e-03  -8.5625853882e-04  1.3959736646e-03  8.6601161398e-04  1.0576495307e-03  5.3722412905e-04  8.2509246862e-04  
1.0986475972e+00  3.0320803738e-02  7.8083650258e-04  1.0009058857e-02  4.6906300636e-03  4.6257204590e-02  1.1595670932e-02  1.3625077793e-02  6.1278656644e-03  5.6255470699e-04  1.3340842372e-03  -3.3552852348e-04  1.2315660300e-03  7.0155255117e-04  8.7678494597e-04  
1.1989194604e+00  2.7011228933e-02  6.2423261212e-04  9.6103189233e-03  3.3540692804e-03  4.5200283840e-02  1.2603918133e-02  -2.9105608977e-04  5.2255493005e-03  -9.9251314191e-04  1.6049469723e-03  -1.6431479141e-04  1.2361092732e-03  6.3686836085e-05  7.9066220861e-04  
1.3007500205e+00  2.3220170664e-02  5.6210425465e-04  1.1164796530e-02  4.7965860106e-03  3.8851315973e-02  1.4431678555e-02  5.4779125515e-03  5.6140636857e-03  1.1283644847e-03  1.6287979053e-03  5.5162752167e-04  1.0019609720e-03  -8.0345832743e-05  8.9513216089e-04  
1.3991172868e+00  1.9412590389e-02  4.9857193627e-04  -4.2806363958e-03  3.4432074447e-03  2.0958240419e-02  1.4436971185e-02  1.4362224870e-02  6.5177882459e-03  -2.4167863846e-03  2.4090817872e-03  3.9188107184e-04  1.0711902450e-03  -8.9461592944e-04  1.0713647727e-03  
1.5000460481e+00  1.5904157066e-02  4.1145520653e-04  -1.4339214826e-03  4.1021440728e-03  4.5393989173e-02  1.3602392252e-02  1.1323334479e-02  5.3370604049e-03  -2.7483863365e-03  1.7889610058e-03  2.6384505636e-03  1.3179813517e-03  1.0299614801e-06  9.0852152969e-04  
1.5987811837e+00  1.3578383739e-02  3.5675430516e-04  6.9064623357e-04  3.9898900305e-03  9.4792094847e-02  1.4301576251e-02  9.8211506444e-03  7.1197310486e-03  2.7396031819e-03  2.1062808032e-03  2.2885911001e-03  1.5926577240e-03  -5.7095175559e-05  1.0706415396e-03  
1.6983868676e+00  1.0549502339e-02  3.2928182755e-04  2.2353843503e-03  5.0732843802e-03  6.8119130744e-02  1.4467479409e-02  2.7602567027e-02  8.4326033696e-03  2.0305666800e-03  2.4864261299e-03  1.2176165793e-03  1.8732728095e-03  -6.3831244617e-04  9.1422929251e-04  
1.7963582663e+00  9.6842507329e-03  2.7378928445e-04  -1.8197144037e-03  4.7680520066e-03  8.6070381791e-02  1.8008537281e-02  1.2765082944e-02  6.3881382271e-03  -7.0403104197e-05  2.3875546671e-03  -4.4585367390e-04  1.6011909561e-03  -1.3852598128e-03  1.3018375518e-03  
1.8984140948e+00  7.5863626222e-03  2.9230315375e-04  -3.5531435506e-03  5.3564628063e-03  6.5854612447e-02  1.9168384773e-02  1.9451275373e-02  8.2789542529e-03  -8.8692554896e-04  2.5945165606e-03  3.4886042355e-03  1.8447770511e-03  1.6661763413e-03  1.2179036601e-03  
1.9979605955e+00  6.4590336281e-03  2.5737749413e-04  -1.1110955343e-02  5.3984687548e-03  7.4563059461e-02  2.0074417995e-02  1.0714153846e-02  8.6900401301e-03  -1.8638195228e-03  2.5192243007e-03  -1.3672571221e-03  2.1981847111e-03  -7.4817639880e-04  1.3443577053e-03  
2.1004584539e+00  5.4000770836e-03  2.1733502097e-04  -5.1843518647e-03  6.5730637090e-03  6.4899540658e-02  2.0441550732e-02  3.0489579156e-02  9.7964050500e-03  -5.6286114703e-04  2.5043990302e-03  2.2342551239e-03  1.8290481466e-03  9.9661647494e-04  1.2083131439e-03  
2.1982899251e+00  3.8642641897e-03  1.9034855871e-04  -2.5850319767e-02  6.5966772168e-03  9.8893148218e-02  2.7624402335e-02  2.5872903241e-02  1.1073714419e-02  3.4620093258e-03  3.3226785961e-03  -9.5234703017e-04  2.5394918646e-03  8.1578385949e-04  1.7736581888e-03  
2.2967659298e+00  3.2521998482e-03  1.7927469098e-04  -2.9102613685e-02  8.6764299219e-03  7.1028577766e-02  2.6696404145e-02  2.8137808082e-02  1.2369686051e-02  4.9015765371e-03  4.0826022393e-03  3.6330567398e-03  2.0547212116e-03  1.1427648566e-03  1.6473786295e-03  
2.3986642728e+00  2.4627392689e-03  1.5755458525e-04  -1.1482678465e-02  7.4183965752e-03  7.1714980216e-02  2.8269560329e-02  2.5535928194e-02  1.3252771706e-02  2.8921812811e-03  3.8514907500e-03  2.9910699839e-04  2.2163068180e-03  8.2520690962e-04  1.9389574177e-03  
2.4996398086e+00  2.0116958674e-03  1.3844087046e-04  -1.1890953192e-02  9.5430909848e-03  8.9414676331e-02  3.0189901838e-02  -1.9972599262e-02  1.3068488802e-02  2.0161734718e-03  3.8209132913e-03  -5.5155780899e-04  2.8242230888e-03  -1.3213762249e-04  2.1532026432e-03  
2.6011672196e+00  1.5265211672e-03  1.1026601849e-04  -1.1917756281e-02  8.6833463781e-03  6.9330693955e-02  3.4352374743e-02  -1.2660360126e-04  1.3924541158e-02  7.0357721856e-03  5.2625257817e-03  8.3215349586e-03  3.2841769322e-03  -1.7620856020e-03  2.3387237725e-03  
2.7001423943e+00  1.4283773513e-03  9.1265388431e-05  -2.0381179007e-02  9.2258216075e-03  1.3237290774e-01  3.8709323194e-02  -1.2611730858e-02  1.4732051966e-02  7.1186735377e-03  5.2378182885e-03  7.0572922571e-03  3.5713862363e-03  -7.8671976878e-05  2.7752508891e-03  
2.7953778961e+00  1.0828135811e-03  8.7911616585e-05  -2.6516129529e-02  1.2124194322e-02  5.8970128153e-02  3.2325867304e-02  1.9894418948e-02  1.6631739509e-02  3.3044080783e-03  5.5931943634e-03  -4.8627654882e-03  3.4386960358e-03  -2.3231734676e-03  3.1315676874e-03  
2.8982093163e+00  7.5802808602e-04  7.4226694543e-05  -4.0913552012e-02  1.2630035251e-02  1.2013589571e-01  4.4698578183e-02  -6.5480846606e-03  1.7631889764e-02  5.9993604650e-03  6.6365816541e-03  -2.4522861095e-03  4.7779443059e-03  -1.6407779753e-03  2.5691883311e-03  
2.9962946953e+00  6.2458937472e-04  6.5793926700e-05  -4.0867061005e-02  1.6677374629e-02  2.6996566036e-02  4.2344751329e-02  3.4199749386e-03  2.3118911761e-02  -3.3549197070e-03  7.6682080563e-03  -9.8109511773e-03  5.2816963359e-03  -4.8324959481e-04  2.9326259244e-03  
3.0956803867e+00  5.6773924600e-04  5.4973629582e-05  -3.6566701597e-02  1.5003199720e-02  6.3926339522e-02  4.7060068376e-02  3.0928035847e-02  1.9313902332e-02  2.0938537526e-03  6.4093317482e-03  -1.5525719252e-03  4.0979404775e-03  2.3101761530e-03  3.2126563124e-03  
3.2022186860e+00  4.3704760075e-04  4.9281804239e-05  -1.4238787824e-02  1.6994030900e-02  1.0907079372e-01  5.1787065017e-02  3.2315280964e-02  2.4815990155e-02  2.8970803406e-03  6.0087540618e-03  5.7527056867e-03  5.9057040068e-03  1.2055445047e-02  4.3785220629e-03  
3.3011185858e+00  2.5634419941e-04  4.4900845848e-05  -3.8421630024e-02  2.3409585775e-02  1.3523349267e-01  6.3807677185e-02  1.1122267232e-02  3.0381857650e-02  -1.7144307138e-03  8.9182282391e-03  -1.6477895420e-02  6.2960961579e-03  4.8239381560e-03  3.6956850359e-03  
3.3965552679e+00  2.0122960818e-04  3.0438144202e-05  -7.3411483800e-02  3.1239462170e-02  1.2707805342e-01  8.4510455826e-02  2.6145754295e-03  3.0481294263e-02  8.1870307838e-03  9.9544595542e-03  4.6483448919e-03  8.2053476605e-03  -5.0144014597e-03  6.2834672345e-03  
3.4979320659e+00  2.1400688116e-04  3.4452332451e-05  -1.8373896054e-02  2.1164907462e-02  2.6261996397e-01  9.2113764785e-02  1.7835396732e-03  3.7882641313e-02  9.0815393274e-03  1.0135467895e-02  -4.4106176675e-03  6.8327689953e-03  9.2599993559e-03  6.4003279787e-03  
3.6043461003e+00  1.3544907542e-04  2.5936523308e-05  2.0363971187e-02  2.1662140245e-02  1.8650165871e-01  9.2332903875e-02  8.7368112966e-03  3.8757959679e-02  -9.2838186224e-03  1.5029484790e-02  1.1910025022e-02  7.4471685889e-03  1.6162368636e-03  9.0605263916e-03  
3.6869699514e+00  3.0896530891e-05  1.1261653822e-05  -1.7161736106e-02  3.0384823999e-02  1.5465085871e-01  1.3058771561e-01  3.6907129080e-02  1.1140975261e-01  -2.4565564916e-02  2.3282685415e-02  9.3669258762e-03  2.2337477193e-02  -1.7790227452e-02  1.1598384273e-02  
3.8112078060e+00  2.1349546397e-05  9.3060515234e-06  -9.8315624514e-02  4.8081104024e-02  3.8469775238e-01  2.5056421869e-01  -6.2884417868e-02  1.0346457390e-01  -9.0312778463e-03  1.4267019192e-02  1.1658319843e-03  2.7024411074e-02  3.9134160463e-02  1.8917292012e-02  
3.8500000000e+00  0.0000000000e+00  0.0000000000e+00  0.0000000000e+00  0.0000000000e+00  0.0000000000e+00  0.0000000000e+00  0.0000000000e+00  0.0000000000e+00  0.0000000000e+00  0.0000000000e+00  0.0000000000e+00  0.0000000000e+00  0.0000000000e+00  0.0000000000e+00  
3.9500000000e+00  0.0000000000e+00  0.0000000000e+00  0.0000000000e+00  0.0000000000e+00  0.0000000000e+00  0.0000000000e+00  0.0000000000e+00  0.0000000000e+00  0.0000000000e+00  0.0000000000e+00  0.0000000000e+00  0.0000000000e+00  0.0000000000e+00  0.0000000000e+00  
