#pT  dN/(2pi dy pT dpT)  dN/(2pi dy pT dpT)_err  vn[2]  vn[2]_err
1.0554605715e-01  2.3657746849e+01  2.1746181172e-01  nan  nan  nan  nan  6.1805892391e-03  2.5215459277e-03  nan  nan  8.1858912892e-03  2.3256687672e-03  nan  nan  
2.0060972822e-01  1.6747349701e+01  1.5594196372e-01  1.3669124070e-02  1.7425931018e-03  7.3146071902e-03  2.0771662116e-03  nan  nan  1.4560178165e-03  7.6208603535e-03  2.2169791165e-03  5.1365541904e-03  4.4897429505e-03  2.9270747001e-03  
2.9918390655e-01  1.0956960329e+01  9.0531585483e-02  1.7453615960e-02  1.4685082991e-03  1.9824073790e-02  1.4190943176e-03  1.8524758368e-03  6.8036704764e-03  3.3679101634e-03  3.3784955947e-03  3.6730976975e-03  3.9359103140e-03  nan  nan  
3.9860350559e-01  7.1916559108e+00  5.2865305903e-02  2.0874379545e-02  1.8326245095e-03  3.1311536611e-02  1.8571270374e-03  9.8245664475e-03  1.7908717530e-03  nan  nan  nan  nan  nan  nan  
4.9830182247e-01  4.7718840363e+00  3.0202229269e-02  2.0415006350e-02  2.3359471765e-03  3.9099659511e-02  2.1964687020e-03  1.3828941579e-02  1.9470586361e-03  nan  nan  6.3339014161e-03  2.5314111781e-03  nan  nan  
5.9822567209e-01  3.2516284759e+00  1.7875394240e-02  1.8865550015e-02  2.0338210224e-03  4.5944716954e-02  2.4232792796e-03  1.2947442310e-02  2.1691696480e-03  8.5422957231e-03  3.2966413546e-03  3.4282678027e-03  6.7603611354e-03  5.6396164246e-03  3.2771929518e-03  
6.9805481536e-01  2.2348797671e+00  1.2339918111e-02  1.3483532898e-02  2.4157971535e-03  5.5510141706e-02  2.7759917413e-03  1.7708401959e-02  2.1267134375e-03  9.8964557411e-03  3.1726775746e-03  nan  nan  8.3515857174e-03  3.3588689244e-03  
7.9794489203e-01  1.5494045807e+00  9.2674082321e-03  1.6617413597e-03  2.0548769810e-02  6.6056116046e-02  3.1652721567e-03  1.9330159005e-02  2.7264987828e-03  nan  nan  7.8056305419e-03  5.5885097068e-03  5.4118201299e-03  5.7177929453e-03  
8.9809366237e-01  1.0860040139e+00  8.4016678500e-03  nan  nan  7.2802905243e-02  3.4531367853e-03  2.3636585547e-02  2.6973048265e-03  nan  nan  nan  nan  nan  nan  
9.9808017225e-01  7.6646563147e-01  7.5251936249e-03  3.6185154039e-03  1.7967980884e-02  7.9378835191e-02  4.0360103470e-03  2.4911970498e-02  3.0498625400e-03  1.4184007462e-02  3.9868371546e-03  1.0276215668e-02  5.1303125429e-03  nan  nan  
1.0978876033e+00  5.4065308338e-01  6.4031752990e-03  2.0483912384e-02  3.9017146277e-03  9.1462759929e-02  5.0535099094e-03  2.9129636403e-02  3.4779887343e-03  7.7281730182e-03  1.0637215403e-02  1.0721533981e-02  5.8951034373e-03  nan  nan  
1.1978173353e+00  3.8543160566e-01  5.3749786173e-03  1.9491590565e-02  5.5655706161e-03  9.5287154949e-02  4.5955495192e-03  3.1851692696e-02  4.1188644402e-03  8.4646199779e-03  1.1387643861e-02  1.6020080012e-02  5.8987397022e-03  nan  nan  
1.2978825305e+00  2.7830110574e-01  4.5432830382e-03  2.3379361391e-02  6.0398808544e-03  9.3266352928e-02  5.0190679817e-03  2.6571891892e-02  5.3700547652e-03  1.5944188530e-02  7.1405074196e-03  nan  nan  1.7004764286e-02  6.7837216419e-03  
1.3980400632e+00  2.0011054513e-01  3.7034306318e-03  2.8889027253e-02  5.5198718930e-03  1.0474979707e-01  5.4045489459e-03  4.0715588664e-02  6.7210485101e-03  nan  nan  1.7847964907e-02  9.2782401630e-03  9.7626436122e-03  1.5738105088e-02  
1.4974883784e+00  1.4503139956e-01  3.0491023027e-03  3.3486512760e-02  6.3207524877e-03  1.1028095508e-01  6.0559031369e-03  2.7280543484e-02  7.4535153642e-03  6.4580473416e-03  2.5970689906e-02  nan  nan  nan  nan  
1.5977244022e+00  1.0707456682e-01  2.5488213733e-03  4.1232010499e-02  8.5155359726e-03  1.1004661866e-01  6.9286894445e-03  3.9165374380e-02  7.1965167798e-03  2.2366443936e-02  1.1860085421e-02  1.9630401543e-02  1.3816579891e-02  nan  nan  
1.6979576546e+00  7.6312855378e-02  1.9539268209e-03  5.6900654880e-02  9.4951385780e-03  1.0268412614e-01  7.7385676823e-03  4.3857996252e-02  8.1746698397e-03  nan  nan  nan  nan  nan  nan  
1.7976480438e+00  5.5945327506e-02  1.5752876829e-03  6.1826195012e-02  1.1243975174e-02  1.1450425611e-01  9.1908304053e-03  nan  nan  3.9466621015e-02  1.1878272398e-02  nan  nan  nan  nan  
1.8980756094e+00  4.0868824658e-02  1.3438950226e-03  9.0075180687e-02  1.0145981470e-02  1.2616243506e-01  1.2013202511e-02  4.0243264124e-02  1.4896106381e-02  nan  nan  nan  nan  nan  nan  
1.9970319927e+00  3.0483620660e-02  1.0649077702e-03  7.6027463443e-02  1.3635333927e-02  1.1626243354e-01  1.1416310680e-02  1.9985957942e-02  3.7504996080e-02  1.9960885013e-02  3.3123549200e-02  nan  nan  nan  nan  
2.0976741961e+00  2.2503664387e-02  7.7985814594e-04  8.0453990279e-02  1.6623891821e-02  1.2195532859e-01  1.3892109541e-02  3.8017854714e-02  2.9563391604e-02  5.9823716543e-02  2.0591317953e-02  nan  nan  2.7875703422e-02  3.3904046420e-02  
2.1979528296e+00  1.6364781204e-02  6.1014202415e-04  1.0080863645e-01  1.7573550749e-02  1.1064983243e-01  1.9765710592e-02  5.2174446024e-02  2.6727698200e-02  3.5350365275e-02  3.6552978346e-02  3.7534208091e-02  3.5777460663e-02  nan  nan  
2.2976321280e+00  1.2350683121e-02  5.0869711570e-04  1.0394957154e-01  1.8869614310e-02  1.3438515915e-01  2.0730793274e-02  8.3905516361e-02  2.4942877612e-02  nan  nan  4.4540942481e-02  4.3910060030e-02  nan  nan  
2.3981821189e+00  8.8298403240e-03  4.0181957669e-04  1.1971618828e-01  2.3537017344e-02  1.4620015513e-01  2.5380337002e-02  5.8267654833e-02  4.8166693765e-02  7.2177514302e-02  4.0063943594e-02  8.8593456225e-02  3.5339896593e-02  nan  nan  
2.4980895214e+00  6.7214750921e-03  3.4926288487e-04  1.4605824391e-01  3.6719135590e-02  1.5089552125e-01  3.1231411906e-02  nan  nan  nan  nan  3.2369390765e-02  9.6111411286e-02  nan  nan  
2.5988502425e+00  5.1962582147e-03  2.6814870406e-04  1.0954730025e-01  5.4223246817e-02  1.4215625205e-01  4.3131677460e-02  7.8358113421e-02  9.1965362644e-02  nan  nan  nan  nan  nan  nan  
2.6975235587e+00  3.7022744981e-03  2.2791168092e-04  nan  nan  8.7106727953e-02  9.8210572749e-02  1.8810821862e-01  4.6632457919e-02  1.1142910627e-01  6.3722291944e-02  nan  nan  nan  nan  
2.7991877612e+00  2.8343486008e-03  1.7210352370e-04  4.7362014127e+01  2.3561889268e+01  nan  nan  nan  nan  7.2119523308e+01  3.5878982192e+01  nan  nan  7.6452295502e+01  3.8034550868e+01  
2.8976922876e+00  2.1832576957e-03  1.3891584947e-04  nan  nan  nan  nan  1.7799611245e+01  2.1305150615e+02  nan  nan  nan  nan  nan  nan  
2.9962588839e+00  1.5218274842e-03  1.1823086081e-04  2.3196818291e+02  5.0571315756e+01  1.7576063422e+02  5.8985805661e+01  nan  nan  nan  nan  nan  nan  nan  nan  
3.0967370372e+00  1.0741429680e-03  8.5257408486e-05  9.1127242938e+01  9.7543010068e+01  6.8874401251e+01  1.3572308687e+02  1.0251302200e+02  1.0110303215e+02  nan  nan  nan  nan  8.6598696587e+01  1.2983715114e+02  
3.1999671664e+00  9.0271620497e-04  7.2302383938e-05  nan  nan  nan  nan  nan  nan  2.2687627787e+02  5.2684153574e+01  1.8151981847e+02  5.7154286734e+01  1.3430376336e+02  6.7202114516e+01  
3.2965302447e+00  6.7349949533e-04  6.6486983274e-05  nan  nan  2.2838023146e+02  7.0159942549e+01  6.6237450277e+01  1.7539522707e+02  7.4034501044e+01  1.7437435113e+02  9.1948057776e+01  1.3057333812e+02  nan  nan  
3.3943997936e+00  4.3839818770e-04  4.7314001557e-05  1.4241813767e+02  1.0881000224e+02  1.8315145671e+02  8.5784208804e+01  nan  nan  9.3425798981e+01  1.7198161840e+02  nan  nan  1.5904308790e+02  9.7676025469e+01  
3.4962452453e+00  3.2547998302e-04  3.7435178598e-05  2.7665653736e+02  6.4288218223e+01  1.8028070659e+02  9.9954595796e+01  1.8732792582e+02  7.5096826099e+01  2.2542742494e+02  7.0075886488e+01  5.6281383517e+01  2.1834954834e+02  nan  nan  
3.6019030716e+00  2.4302491479e-04  2.8550672997e-05  9.9499677404e+01  1.5211430878e+02  1.1481620991e+02  1.3020772897e+02  nan  nan  nan  nan  nan  nan  nan  nan  
3.6797111002e+00  9.2991845903e-05  1.8159411513e-05  1.8008484222e+02  6.1184534757e+01  1.9376206026e+02  6.1093924782e+01  1.2192653699e+02  9.3775495759e+01  nan  nan  nan  nan  1.7197062600e+02  7.8697108614e+01  
3.7923504085e+00  4.1967362175e-05  1.0699619934e-05  nan  nan  nan  nan  1.1628297453e+02  5.7934199763e+01  9.5624846793e+01  9.4812418556e+01  1.2508675998e+02  7.1532745193e+01  9.8269811144e+01  6.9292363818e+01  
3.8862343654e+00  2.6619782349e-05  8.0121439467e-06  nan  nan  nan  nan  1.0710742128e+02  8.8002645748e+01  nan  nan  nan  nan  1.7957140074e+02  5.1064251622e+01  
3.9836886783e+00  2.3970991109e-05  7.0794507451e-06  nan  nan  1.7239303336e+02  3.7068591120e+01  2.5622340538e+01  2.7455542227e+02  nan  nan  nan  nan  nan  nan  
