#pT  dN/(2pi dy pT dpT)  dN/(2pi dy pT dpT)_err  vn{SP}  vn{SP}_err
1.0554605715e-01  2.3657746849e+01  2.1746181172e-01  4.0911280480e-03  1.4582597624e-03  1.8021884136e-03  1.2168677896e-03  1.4009341221e-03  1.4702749993e-03  3.6362102166e-04  1.3959856258e-03  nan  nan  nan  nan  
2.0060972822e-01  1.6747349701e+01  1.5594196372e-01  1.4067090816e-02  2.4420311894e-03  7.0913776369e-03  1.6025168182e-03  -7.2175604771e-04  1.2153949242e-03  5.4715370174e-04  1.5535288772e-03  nan  nan  nan  nan  
2.9918390655e-01  1.0956960329e+01  9.0531585483e-02  1.9697480365e-02  2.7187626582e-03  2.0650108443e-02  2.4066021677e-03  3.4260764970e-03  1.1492303850e-03  -8.5864539193e-04  1.4915773212e-03  nan  nan  nan  nan  
3.9860350559e-01  7.1916559108e+00  5.2865305903e-02  2.0375062794e-02  3.1427712519e-03  3.3847610423e-02  3.6599768951e-03  9.8477135389e-03  1.8814216188e-03  1.9500331414e-03  1.5213048328e-03  nan  nan  nan  nan  
4.9830182247e-01  4.7718840363e+00  3.0202229269e-02  2.3739085538e-02  3.8441633764e-03  4.3190085293e-02  4.5405808782e-03  1.4657084007e-02  2.2130645882e-03  3.2118981923e-03  1.7228255285e-03  nan  nan  nan  nan  
5.9822567209e-01  3.2516284759e+00  1.7875394240e-02  2.1687709525e-02  3.4446222814e-03  5.0082739717e-02  4.9761404730e-03  1.6586643710e-02  2.3671820079e-03  -1.0608820589e-03  2.1313349689e-03  nan  nan  nan  nan  
6.9805481536e-01  2.2348797671e+00  1.2339918111e-02  1.6696350613e-02  2.8078966760e-03  6.0154900737e-02  5.8030251584e-03  2.2160720231e-02  3.0505003418e-03  3.5244965459e-03  2.3923142664e-03  nan  nan  nan  nan  
7.9794489203e-01  1.5494045807e+00  9.2674082321e-03  1.2815238556e-02  2.4042920047e-03  7.2513829452e-02  7.1805097131e-03  2.3854127256e-02  3.1667705238e-03  7.4406368617e-03  2.9221119398e-03  nan  nan  nan  nan  
8.9809366237e-01  1.0860040139e+00  8.4016678500e-03  4.6391628472e-03  2.2466568772e-03  7.6760610886e-02  7.4700668743e-03  2.3822364198e-02  3.4896689620e-03  5.4503609903e-03  3.2049776938e-03  nan  nan  nan  nan  
9.9808017225e-01  7.6646563147e-01  7.5251936249e-03  -1.8496445881e-03  2.5780871395e-03  8.4501688865e-02  8.8028342545e-03  3.0159232467e-02  4.1884716024e-03  1.1589057850e-02  4.2032308632e-03  nan  nan  nan  nan  
1.0978876033e+00  5.4065308338e-01  6.4031752990e-03  -6.3562255830e-03  3.5360776463e-03  9.6796115833e-02  9.9896577557e-03  3.5153817308e-02  4.7331492574e-03  1.1022961866e-02  5.8542808226e-03  nan  nan  nan  nan  
1.1978173353e+00  3.8543160566e-01  5.3749786173e-03  -2.3129243982e-02  4.6262134214e-03  1.0134434232e-01  9.7765838892e-03  3.5019979836e-02  4.8962889448e-03  1.4560136533e-02  5.9359845623e-03  nan  nan  nan  nan  
1.2978825305e+00  2.7830110574e-01  4.5432830382e-03  -1.8688850041e-02  4.1141856930e-03  1.0120354177e-01  1.0239246072e-02  2.7836533639e-02  4.8825208825e-03  1.2224409452e-02  5.7833561262e-03  nan  nan  nan  nan  
1.3980400632e+00  2.0011054513e-01  3.7034306318e-03  -3.5903333986e-02  5.9923915832e-03  1.1140828808e-01  1.1083299816e-02  3.5472930275e-02  6.1844039959e-03  8.3623949651e-03  6.7868449614e-03  nan  nan  nan  nan  
1.4974883784e+00  1.4503139956e-01  3.0491023027e-03  -3.6504925979e-02  6.4374964438e-03  1.1070298040e-01  1.1002016813e-02  3.8637645745e-02  5.3213999546e-03  1.0247575587e-02  6.5944627082e-03  nan  nan  nan  nan  
1.5977244022e+00  1.0707456682e-01  2.5488213733e-03  -4.4976726013e-02  7.6276432174e-03  1.1886437128e-01  1.2301273686e-02  4.7390415324e-02  6.7841916105e-03  2.0637461353e-02  7.9067970756e-03  nan  nan  nan  nan  
1.6979576546e+00  7.6312855378e-02  1.9539268209e-03  -6.0406117209e-02  9.8032142229e-03  1.1401445554e-01  1.2609182356e-02  4.0260364631e-02  7.7159780353e-03  2.0812936594e-02  8.3458793112e-03  nan  nan  nan  nan  
1.7976480438e+00  5.5945327506e-02  1.5752876829e-03  -6.7790462723e-02  1.0191058127e-02  1.1836068392e-01  1.2601025904e-02  3.7176978619e-02  7.3563138106e-03  7.5214489851e-03  9.2717019221e-03  nan  nan  nan  nan  
1.8980756094e+00  4.0868824658e-02  1.3438950226e-03  -8.7049239276e-02  1.4959290806e-02  1.2016774824e-01  1.3261903680e-02  4.7663323611e-02  9.9890673747e-03  1.7572488839e-02  9.9306184561e-03  nan  nan  nan  nan  
1.9970319927e+00  3.0483620660e-02  1.0649077702e-03  -8.7482705370e-02  1.5174464346e-02  1.2402862024e-01  1.4873978740e-02  5.2102231962e-02  9.0792738963e-03  3.2558152276e-02  1.6764654377e-02  nan  nan  nan  nan  
2.0976741961e+00  2.2503664387e-02  7.7985814594e-04  -9.4084103324e-02  1.6468656967e-02  1.2417852630e-01  1.6575308209e-02  4.5643581305e-02  1.2111426023e-02  -2.8367858442e-03  1.1551229146e-02  nan  nan  nan  nan  
2.1979528296e+00  1.6364781204e-02  6.1014202415e-04  -1.0630586074e-01  2.1800186352e-02  1.3057183982e-01  1.7033175431e-02  7.6940541385e-02  1.4177762404e-02  -3.6022417147e-03  1.4230461388e-02  nan  nan  nan  nan  
2.2976321280e+00  1.2350683121e-02  5.0869711570e-04  -1.1000777647e-01  2.0729568530e-02  1.2679001502e-01  1.6436574807e-02  4.2784185969e-02  1.2699360304e-02  7.6498432163e-03  1.3468672388e-02  nan  nan  nan  nan  
2.3981821189e+00  8.8298403240e-03  4.0181957669e-04  -1.0696546528e-01  2.0636829874e-02  1.4997090868e-01  1.9350370980e-02  5.9373222341e-02  1.5671293701e-02  2.1357566830e-02  1.8904421684e-02  nan  nan  nan  nan  
2.4980895214e+00  6.7214750921e-03  3.4926288487e-04  -1.3546458992e-01  2.2713940228e-02  1.3222317550e-01  1.9636557522e-02  7.2569621714e-03  1.8571609981e-02  2.8884423644e-03  1.9872135047e-02  nan  nan  nan  nan  
2.5988502425e+00  5.1962582147e-03  2.6814870406e-04  -1.4702212953e-01  2.9595699424e-02  1.5609554482e-01  2.3495243570e-02  5.9844248005e-02  2.0991682237e-02  -2.1433186753e-03  2.0393291511e-02  nan  nan  nan  nan  
2.6975235587e+00  3.7022744981e-03  2.2791168092e-04  -1.6567495647e-01  2.9529709199e-02  1.2380991783e-01  2.5987934118e-02  4.6612011837e-02  1.9393926238e-02  1.8206305160e-02  2.6352971111e-02  nan  nan  nan  nan  
2.7991877612e+00  2.8343486008e-03  1.7210352370e-04  -1.7339983042e-01  3.3693689295e-02  1.2774927789e-01  2.5011662337e-02  3.9928658992e-02  2.6682338059e-02  5.0584619702e-02  3.1635439777e-02  nan  nan  nan  nan  
2.8976922876e+00  2.1832576957e-03  1.3891584947e-04  -1.7067475161e-01  3.5665576795e-02  1.5749282056e-01  2.7214684377e-02  3.1581418611e-02  2.9952402099e-02  3.3008060514e-02  3.0377284282e-02  nan  nan  nan  nan  
2.9962588839e+00  1.5218274842e-03  1.1823086081e-04  -1.9353565054e-01  4.4324844233e-02  1.2869584254e-01  3.0631669523e-02  4.9091429071e-02  3.5970808376e-02  -6.0934975864e-02  4.3374730634e-02  nan  nan  nan  nan  
3.0967370372e+00  1.0741429680e-03  8.5257408486e-05  -1.6944781886e-01  3.6076051835e-02  9.0111335224e-02  3.2803935357e-02  9.6236460933e-02  3.4726681645e-02  2.4666330733e-02  3.4956438237e-02  nan  nan  nan  nan  
3.1999671664e+00  9.0271620497e-04  7.2302383938e-05  -1.7195810296e-01  5.1306929398e-02  1.6632167606e-01  3.7942457455e-02  2.9928780290e-02  4.1109080359e-02  -7.1449617706e-02  4.3278894993e-02  nan  nan  nan  nan  
3.2965302447e+00  6.7349949533e-04  6.6486983274e-05  -2.1967786020e-01  5.7821926204e-02  1.0132783689e-01  4.4345515385e-02  2.9207164819e-02  4.4735705562e-02  5.5394693635e-02  5.8965279651e-02  nan  nan  nan  nan  
3.3943997936e+00  4.3839818770e-04  4.7314001557e-05  -2.1311981011e-01  7.3969650911e-02  8.2939201082e-02  4.2779344808e-02  3.3316656271e-04  5.3491633054e-02  3.8277867749e-02  6.6092527531e-02  nan  nan  nan  nan  
3.4962452453e+00  3.2547998302e-04  3.7435178598e-05  -1.5061167053e-01  6.7296720114e-02  1.2156982450e-01  6.5286568669e-02  7.1805154662e-02  6.4936765110e-02  -5.3085582472e-02  8.2777680941e-02  nan  nan  nan  nan  
3.6019030716e+00  2.4302491479e-04  2.8550672997e-05  -3.3798999267e-01  9.8435886584e-02  1.6454732043e-01  7.9075954571e-02  6.9046851071e-02  7.2404533600e-02  6.5738384561e-02  8.7320188325e-02  nan  nan  nan  nan  
3.6797111002e+00  9.2991845903e-05  1.8159411513e-05  -7.6596456364e-02  1.8268282736e-01  -2.1419574762e-02  1.2042641997e-01  1.2160190327e-01  1.0609788765e-01  -1.4036959137e-02  1.4746955232e-01  nan  nan  nan  nan  
3.7923504085e+00  4.1967362175e-05  1.0699619934e-05  1.7351983296e-01  1.6965656421e-01  6.8184469528e-02  1.2719534225e-01  -4.5602884606e-02  1.2248419235e-01  -8.3401201917e-03  1.6411700546e-01  nan  nan  nan  nan  
3.8862343654e+00  2.6619782349e-05  8.0121439467e-06  2.9856341074e-02  2.2163514828e-01  2.1448142606e-01  2.5457098108e-01  1.6117723716e-01  2.1331428031e-01  -7.7202707620e-02  3.0762450857e-01  nan  nan  nan  nan  
3.9836886783e+00  2.3970991109e-05  7.0794507451e-06  -5.9092747736e-01  3.1753513131e-01  3.1753014647e-01  2.1565731694e-01  -3.9844716583e-01  2.3289945507e-01  2.4258594915e-01  2.6366843676e-01  nan  nan  nan  nan  
