#pT  dN/(2pi dy pT dpT)  dN/(2pi dy pT dpT)_err  vn{SP}  vn{SP}_err
1.0894856647e-01  1.0517950138e-02  9.2575371434e-04  1.6248810988e-02  1.7524050733e-02  -1.3343080240e-02  5.1236944107e-02  nan  nan  nan  nan  4.7283338211e-03  5.5712467045e-03  nan  nan  
2.0706555892e-01  1.0068935489e-02  6.1195944028e-04  2.4271310088e-02  1.3156639279e-02  1.6278044021e-02  3.5168188036e-02  nan  nan  nan  nan  1.4138122435e-04  3.4328500918e-03  nan  nan  
3.0303821663e-01  1.0792810611e-02  6.2572946230e-04  1.9818226087e-03  8.9993549906e-03  -1.5029988833e-02  3.2164590572e-02  nan  nan  nan  nan  -3.7615196279e-03  3.1459646997e-03  nan  nan  
4.0104075919e-01  1.0457123506e-02  5.5478467503e-04  1.0087559710e-02  9.2294784746e-03  8.4560726813e-03  2.8776010117e-02  nan  nan  nan  nan  3.0056362834e-03  3.6582364243e-03  nan  nan  
5.0281929795e-01  9.8597577634e-03  4.6672969227e-04  1.2907956201e-02  8.4641648637e-03  5.1540614501e-02  2.6186869450e-02  nan  nan  nan  nan  2.1399517954e-03  2.4785692841e-03  nan  nan  
6.0164468075e-01  1.0210978341e-02  4.3791218505e-04  4.3701098838e-03  7.6340719395e-03  1.0479000223e-02  1.6805203994e-02  nan  nan  nan  nan  -1.8618146057e-04  1.8278849889e-03  nan  nan  
7.0067965640e-01  8.7223166248e-03  3.2950709482e-04  8.0328214710e-03  8.3406778410e-03  -1.7720669325e-02  2.2284819888e-02  nan  nan  nan  nan  1.3760193784e-03  2.3203141265e-03  nan  nan  
8.0048988716e-01  8.6388127933e-03  3.0533734192e-04  2.2399614616e-02  8.8003178807e-03  1.7578388234e-02  1.9353311047e-02  nan  nan  nan  nan  -9.0497699465e-04  2.0191550585e-03  nan  nan  
9.0003121129e-01  8.5852272579e-03  2.6768258853e-04  2.6642273654e-02  9.6015316225e-03  2.7334921912e-03  1.9740223894e-02  nan  nan  nan  nan  1.0738763003e-03  2.3195589298e-03  nan  nan  
1.0005358771e+00  7.9773455192e-03  3.1038061468e-04  1.8382104849e-02  8.2587204189e-03  1.5871237861e-02  1.7690983090e-02  nan  nan  nan  nan  1.9906198598e-03  1.8302356680e-03  nan  nan  
1.1009404526e+00  7.1486263562e-03  2.7293176789e-04  2.3165317725e-02  8.7132194840e-03  4.7111006267e-02  2.4894136042e-02  nan  nan  nan  nan  4.4843692350e-04  2.0184445949e-03  nan  nan  
1.2016545441e+00  6.4104107819e-03  2.0192771584e-04  1.2714690576e-02  7.7437139174e-03  6.3684015806e-02  2.5206701357e-02  nan  nan  nan  nan  2.5880056335e-03  2.3720229410e-03  nan  nan  
1.3001626975e+00  5.6860169291e-03  2.1383428476e-04  1.0063656531e-02  6.3885110215e-03  5.1949112899e-02  2.0401016429e-02  nan  nan  nan  nan  -9.2190057335e-04  1.6372342244e-03  nan  nan  
1.3988993173e+00  5.4098371835e-03  1.6788436867e-04  5.5173869665e-03  5.9670268762e-03  6.1975894350e-02  2.3761696640e-02  nan  nan  nan  nan  4.3328474528e-04  1.9971059303e-03  nan  nan  
1.5001099699e+00  4.4241830669e-03  1.4951941516e-04  -3.2550784057e-03  7.5499122320e-03  5.8414922521e-02  2.3149483429e-02  nan  nan  nan  nan  -1.5961791240e-03  2.1401727032e-03  nan  nan  
1.5994971438e+00  4.1144536722e-03  1.5809021690e-04  -5.8387375886e-03  6.4747752954e-03  1.1305966400e-01  3.3262063411e-02  nan  nan  nan  nan  3.2839893268e-03  2.6652481608e-03  nan  nan  
1.6996511328e+00  3.7128169259e-03  1.3492821692e-04  1.1434755245e-03  5.2465188598e-03  8.3943586597e-02  2.7013232976e-02  nan  nan  nan  nan  -7.3338592646e-04  2.6248172147e-03  nan  nan  
1.8003821635e+00  2.9437414536e-03  1.0722017884e-04  4.4349312792e-03  6.7410492049e-03  9.3125846383e-02  3.1791974750e-02  nan  nan  nan  nan  9.0123660210e-04  2.4224643258e-03  nan  nan  
1.9006044868e+00  2.5498561378e-03  1.0967826662e-04  1.0625407685e-02  6.8142604369e-03  1.2600651947e-01  3.6251827241e-02  nan  nan  nan  nan  3.8670571380e-03  2.6944347360e-03  nan  nan  
1.9999073662e+00  2.0890053838e-03  9.1149959289e-05  -3.6198825284e-03  7.5549734908e-03  1.2355694642e-01  3.6075954136e-02  nan  nan  nan  nan  1.8798536478e-03  2.4511304520e-03  nan  nan  
2.1009371844e+00  1.8559793860e-03  8.8748953444e-05  -1.9763959919e-02  9.8398819410e-03  4.2135357899e-02  2.6278435036e-02  nan  nan  nan  nan  2.5839590520e-03  2.6028346411e-03  nan  nan  
2.2001922793e+00  1.4033345747e-03  7.1660943566e-05  -1.9520417647e-02  1.1058749421e-02  9.4174979785e-02  3.1771576017e-02  nan  nan  nan  nan  3.6477721358e-04  3.0617538203e-03  nan  nan  
2.2944493713e+00  1.2555101482e-03  6.7924791184e-05  -1.6174270497e-02  1.0849413382e-02  1.1510831031e-01  3.6367031423e-02  nan  nan  nan  nan  -4.7512256064e-04  3.0668051690e-03  nan  nan  
2.3993273527e+00  1.0546970981e-03  6.1938968112e-05  -4.4953838568e-02  1.6154480799e-02  6.8807418272e-02  3.6734308146e-02  nan  nan  nan  nan  7.0075530462e-03  4.0039049994e-03  nan  nan  
2.4988279350e+00  8.4073225679e-04  5.7060208850e-05  -2.5753692572e-02  1.2156306455e-02  1.2752366672e-01  4.1435073116e-02  nan  nan  nan  nan  -1.4344414239e-03  4.3501936204e-03  nan  nan  
2.5943023640e+00  6.2268095428e-04  5.0487290314e-05  -9.8937001734e-03  1.1808151695e-02  1.0617030375e-01  4.2192938945e-02  nan  nan  nan  nan  4.8670225799e-03  4.4040284855e-03  nan  nan  
2.7002821141e+00  5.0393799834e-04  3.8036930263e-05  -1.1163136415e-02  1.5492782572e-02  9.0421806747e-02  5.0379922379e-02  nan  nan  nan  nan  -2.3695848809e-03  4.9413621160e-03  nan  nan  
2.7959174514e+00  4.2977657302e-04  3.5661678984e-05  -6.8464418170e-03  1.8149082967e-02  5.4944917283e-02  4.1669900509e-02  nan  nan  nan  nan  1.0270269800e-02  6.0005573790e-03  nan  nan  
2.9002052171e+00  4.0060306011e-04  3.4143102992e-05  -2.7552112236e-02  1.7456995219e-02  1.0000589047e-01  4.3778955377e-02  nan  nan  nan  nan  4.7979927216e-04  4.3941671929e-03  nan  nan  
2.9959802217e+00  2.7889484885e-04  2.7699110754e-05  -3.5392716648e-02  1.9723872741e-02  1.8025915058e-01  6.6992139789e-02  nan  nan  nan  nan  -3.3026270218e-03  6.2474095277e-03  nan  nan  
3.0971688576e+00  2.0297957730e-04  2.7263095341e-05  -1.2701230805e-02  2.3510927403e-02  3.1935911466e-02  7.0336644714e-02  nan  nan  nan  nan  1.5605765609e-03  6.5486122242e-03  nan  nan  
3.2028707688e+00  1.6149685777e-04  2.2872865355e-05  -9.0195493487e-02  3.5530315424e-02  7.8461307117e-02  6.5139156182e-02  nan  nan  nan  nan  2.8603021808e-03  8.7891416593e-03  nan  nan  
3.2995262744e+00  1.3264816134e-04  1.7845577502e-05  -2.2802727190e-02  2.7239782826e-02  1.3782398890e-01  7.6030638801e-02  nan  nan  nan  nan  3.3713654210e-03  7.6439835011e-03  nan  nan  
3.4088542412e+00  7.7036340501e-05  1.2809644641e-05  -4.1478021629e-02  2.5464808388e-02  1.8205396276e-01  9.1935588534e-02  nan  nan  nan  nan  -1.7549120504e-03  1.0433510682e-02  nan  nan  
3.4968645111e+00  8.6475867440e-05  1.6020533680e-05  -6.2985262272e-02  3.3851798184e-02  2.5500611894e-01  1.1112687518e-01  nan  nan  nan  nan  -2.6281805384e-03  1.0948991833e-02  nan  nan  
3.6028223652e+00  4.6383827230e-05  9.5232893635e-06  -5.0317031840e-02  4.7758398543e-02  2.2570002452e-01  1.1706478692e-01  nan  nan  nan  nan  6.0749222496e-03  1.5768552732e-02  nan  nan  
3.6646149920e+00  2.1715097428e-05  7.2020830475e-06  -1.8428449822e-03  3.2292001224e-02  1.3246600690e-01  1.6881219915e-01  nan  nan  nan  nan  3.7424618501e-04  2.0989139343e-02  nan  nan  
3.7500000000e+00  0.0000000000e+00  0.0000000000e+00  0.0000000000e+00  0.0000000000e+00  0.0000000000e+00  0.0000000000e+00  nan  nan  nan  nan  0.0000000000e+00  0.0000000000e+00  nan  nan  
3.9105292825e+00  8.1398159427e-06  3.9876791320e-06  -1.1172889370e-01  1.0866162508e-01  2.9163285225e-01  1.9550272349e-01  nan  nan  nan  nan  -3.0892223661e-02  2.2549234471e-02  nan  nan  
4.0103340500e+00  1.9843103000e-06  1.9743638198e-06  -2.3399510826e-01  2.4024381715e-01  -1.0926207425e-01  1.1060718406e-01  nan  nan  nan  nan  -3.8825895661e-03  4.1354704584e-03  nan  nan  
