mu=pt/2;

    y_min     y_max        pt       direct     frag       sum
 -8.000E-01  8.000E-01  2.000E+00  2.257E+05  9.700E+05  1.196E+06
 -8.000E-01  8.000E-01  2.500E+00  1.071E+05  4.108E+05  5.179E+05
 -8.000E-01  8.000E-01  3.000E+00  6.273E+04  1.995E+05  2.622E+05
 -8.000E-01  8.000E-01  3.500E+00  3.827E+04  1.026E+05  1.409E+05
 -8.000E-01  8.000E-01  4.000E+00  2.399E+04  5.602E+04  8.001E+04
 -8.000E-01  8.000E-01  4.500E+00  1.552E+04  3.242E+04  4.794E+04
 -8.000E-01  8.000E-01  5.000E+00  1.034E+04  1.967E+04  3.001E+04
 -8.000E-01  8.000E-01  5.500E+00  7.068E+03  1.242E+04  1.948E+04
 -8.000E-01  8.000E-01  6.000E+00  4.957E+03  8.115E+03  1.307E+04
 -8.000E-01  8.000E-01  6.500E+00  3.550E+03  5.472E+03  9.023E+03
 -8.000E-01  8.000E-01  7.000E+00  2.593E+03  3.793E+03  6.386E+03
 -8.000E-01  8.000E-01  7.500E+00  1.928E+03  2.700E+03  4.627E+03
 -8.000E-01  8.000E-01  8.000E+00  1.455E+03  1.954E+03  3.409E+03
 -8.000E-01  8.000E-01  8.500E+00  1.114E+03  1.440E+03  2.554E+03
 -8.000E-01  8.000E-01  9.000E+00  8.627E+02  1.076E+03  1.939E+03
 -8.000E-01  8.000E-01  9.500E+00  6.779E+02  8.227E+02  1.501E+03
 -8.000E-01  8.000E-01  1.000E+01  5.381E+02  6.346E+02  1.173E+03
 -8.000E-01  8.000E-01  1.050E+01  4.313E+02  4.966E+02  9.279E+02
 -8.000E-01  8.000E-01  1.100E+01  3.485E+02  3.930E+02  7.415E+02
 -8.000E-01  8.000E-01  1.150E+01  2.841E+02  3.130E+02  5.971E+02
 -8.000E-01  8.000E-01  1.200E+01  2.334E+02  2.517E+02  4.851E+02
 -8.000E-01  8.000E-01  1.250E+01  1.930E+02  2.045E+02  3.975E+02
 -8.000E-01  8.000E-01  1.300E+01  1.607E+02  1.673E+02  3.281E+02
 -8.000E-01  8.000E-01  1.350E+01  1.346E+02  1.379E+02  2.725E+02
 -8.000E-01  8.000E-01  1.400E+01  1.135E+02  1.146E+02  2.281E+02
 -8.000E-01  8.000E-01  1.450E+01  9.610E+01  9.548E+01  1.916E+02
 -8.000E-01  8.000E-01  1.500E+01  8.182E+01  7.992E+01  1.617E+02
 -8.000E-01  8.000E-01  1.550E+01  6.996E+01  6.749E+01  1.374E+02
 -8.000E-01  8.000E-01  1.600E+01  6.012E+01  5.709E+01  1.172E+02
 -8.000E-01  8.000E-01  1.650E+01  5.186E+01  4.871E+01  1.006E+02
 -8.000E-01  8.000E-01  1.700E+01  4.491E+01  4.168E+01  8.660E+01
 -8.000E-01  8.000E-01  1.750E+01  3.905E+01  3.581E+01  7.486E+01
 -8.000E-01  8.000E-01  1.800E+01  3.407E+01  3.091E+01  6.498E+01
 -8.000E-01  8.000E-01  1.850E+01  2.982E+01  2.678E+01  5.660E+01
 -8.000E-01  8.000E-01  1.900E+01  2.619E+01  2.329E+01  4.948E+01
 -8.000E-01  8.000E-01  1.950E+01  2.307E+01  2.036E+01  4.343E+01
 -8.000E-01  8.000E-01  2.000E+01  2.039E+01  1.784E+01  3.823E+01
 -8.000E-01  8.000E-01  2.050E+01  1.806E+01  1.563E+01  3.369E+01
 -8.000E-01  8.000E-01  2.100E+01  1.604E+01  1.377E+01  2.981E+01
 -8.000E-01  8.000E-01  2.150E+01  1.429E+01  1.212E+01  2.641E+01
 -8.000E-01  8.000E-01  2.200E+01  1.275E+01  1.071E+01  2.347E+01
 -8.000E-01  8.000E-01  2.250E+01  1.141E+01  9.495E+00  2.091E+01
 -8.000E-01  8.000E-01  2.300E+01  1.023E+01  8.438E+00  1.867E+01
 -8.000E-01  8.000E-01  2.350E+01  9.198E+00  7.528E+00  1.673E+01
 -8.000E-01  8.000E-01  2.400E+01  8.283E+00  6.731E+00  1.501E+01
 -8.000E-01  8.000E-01  2.450E+01  7.473E+00  6.015E+00  1.349E+01
 -8.000E-01  8.000E-01  2.500E+01  6.754E+00  5.399E+00  1.215E+01
 -8.000E-01  8.000E-01  2.550E+01  6.118E+00  4.857E+00  1.097E+01
 -8.000E-01  8.000E-01  2.600E+01  5.551E+00  4.376E+00  9.927E+00
 -8.000E-01  8.000E-01  2.650E+01  5.046E+00  3.950E+00  8.996E+00
 -8.000E-01  8.000E-01  2.700E+01  4.593E+00  3.574E+00  8.167E+00
 -8.000E-01  8.000E-01  2.750E+01  4.187E+00  3.235E+00  7.423E+00
 -8.000E-01  8.000E-01  2.800E+01  3.823E+00  2.940E+00  6.763E+00
 -8.000E-01  8.000E-01  2.850E+01  3.497E+00  2.672E+00  6.169E+00
 -8.000E-01  8.000E-01  2.900E+01  3.202E+00  2.437E+00  5.639E+00
 -8.000E-01  8.000E-01  2.950E+01  2.936E+00  2.224E+00  5.161E+00
 -8.000E-01  8.000E-01  3.000E+01  2.697E+00  2.031E+00  4.728E+00
 -8.000E-01  8.000E-01  3.050E+01  2.479E+00  1.859E+00  4.338E+00
 -8.000E-01  8.000E-01  3.100E+01  2.283E+00  1.704E+00  3.987E+00
 -8.000E-01  8.000E-01  3.150E+01  2.104E+00  1.563E+00  3.667E+00
 -8.000E-01  8.000E-01  3.200E+01  1.942E+00  1.437E+00  3.378E+00
 -8.000E-01  8.000E-01  3.250E+01  1.794E+00  1.322E+00  3.116E+00
 -8.000E-01  8.000E-01  3.300E+01  1.660E+00  1.219E+00  2.879E+00
 -8.000E-01  8.000E-01  3.350E+01  1.536E+00  1.125E+00  2.661E+00
 -8.000E-01  8.000E-01  3.400E+01  1.424E+00  1.038E+00  2.462E+00
 -8.000E-01  8.000E-01  3.450E+01  1.321E+00  9.615E-01  2.283E+00
 -8.000E-01  8.000E-01  3.500E+01  1.227E+00  8.882E-01  2.115E+00

mu=pt:
 -8.000E-01  8.000E-01  1.500E+00  6.047E+05  3.615E+06  4.219E+06
 -8.000E-01  8.000E-01  2.000E+00  2.746E+05  1.198E+06  1.473E+06
 -8.000E-01  8.000E-01  2.500E+00  1.320E+05  4.690E+05  6.010E+05
 -8.000E-01  8.000E-01  3.000E+00  6.867E+04  2.101E+05  2.788E+05
 -8.000E-01  8.000E-01  3.500E+00  3.832E+04  1.048E+05  1.431E+05
 -8.000E-01  8.000E-01  4.000E+00  2.269E+04  5.657E+04  7.926E+04
 -8.000E-01  8.000E-01  4.500E+00  1.408E+04  3.259E+04  4.667E+04
 -8.000E-01  8.000E-01  5.000E+00  9.130E+03  1.994E+04  2.907E+04
 -8.000E-01  8.000E-01  5.500E+00  6.120E+03  1.272E+04  1.884E+04
 -8.000E-01  8.000E-01  6.000E+00  4.225E+03  8.390E+03  1.262E+04
 -8.000E-01  8.000E-01  6.500E+00  2.993E+03  5.707E+03  8.700E+03
 -8.000E-01  8.000E-01  7.000E+00  2.168E+03  3.993E+03  6.161E+03
 -8.000E-01  8.000E-01  7.500E+00  1.600E+03  2.855E+03  4.455E+03
 -8.000E-01  8.000E-01  8.000E+00  1.201E+03  2.077E+03  3.279E+03
 -8.000E-01  8.000E-01  8.500E+00  9.161E+02  1.544E+03  2.460E+03
 -8.000E-01  8.000E-01  9.000E+00  7.081E+02  1.163E+03  1.871E+03
 -8.000E-01  8.000E-01  9.500E+00  5.541E+02  8.922E+02  1.446E+03
 -8.000E-01  8.000E-01  1.000E+01  4.384E+02  6.917E+02  1.130E+03
 -8.000E-01  8.000E-01  1.050E+01  3.506E+02  5.402E+02  8.908E+02
 -8.000E-01  8.000E-01  1.100E+01  2.829E+02  4.271E+02  7.100E+02
 -8.000E-01  8.000E-01  1.150E+01  2.303E+02  3.405E+02  5.708E+02
 -8.000E-01  8.000E-01  1.200E+01  1.889E+02  2.741E+02  4.630E+02
 -8.000E-01  8.000E-01  1.250E+01  1.561E+02  2.228E+02  3.788E+02
 -8.000E-01  8.000E-01  1.300E+01  1.298E+02  1.824E+02  3.123E+02
 -8.000E-01  8.000E-01  1.350E+01  1.087E+02  1.505E+02  2.592E+02
 -8.000E-01  8.000E-01  1.400E+01  9.153E+01  1.250E+02  2.165E+02
 -8.000E-01  8.000E-01  1.450E+01  7.749E+01  1.045E+02  1.820E+02
 -8.000E-01  8.000E-01  1.500E+01  6.595E+01  8.780E+01  1.538E+02
 -8.000E-01  8.000E-01  1.550E+01  5.639E+01  7.441E+01  1.308E+02
 -8.000E-01  8.000E-01  1.600E+01  4.845E+01  6.319E+01  1.116E+02
 -8.000E-01  8.000E-01  1.650E+01  4.179E+01  5.408E+01  9.588E+01
 -8.000E-01  8.000E-01  1.700E+01  3.619E+01  4.642E+01  8.262E+01
 -8.000E-01  8.000E-01  1.750E+01  3.147E+01  3.998E+01  7.145E+01
 -8.000E-01  8.000E-01  1.800E+01  2.746E+01  3.446E+01  6.192E+01
 -8.000E-01  8.000E-01  1.850E+01  2.404E+01  2.979E+01  5.383E+01
 -8.000E-01  8.000E-01  1.900E+01  2.112E+01  2.586E+01  4.698E+01
 -8.000E-01  8.000E-01  1.950E+01  1.861E+01  2.255E+01  4.116E+01
 -8.000E-01  8.000E-01  2.000E+01  1.645E+01  1.973E+01  3.618E+01
 -8.000E-01  8.000E-01  2.050E+01  1.457E+01  1.731E+01  3.188E+01
 -8.000E-01  8.000E-01  2.100E+01  1.295E+01  1.525E+01  2.820E+01
 -8.000E-01  8.000E-01  2.150E+01  1.154E+01  1.344E+01  2.498E+01
 -8.000E-01  8.000E-01  2.200E+01  1.030E+01  1.191E+01  2.221E+01
 -8.000E-01  8.000E-01  2.250E+01  9.222E+00  1.057E+01  1.979E+01
 -8.000E-01  8.000E-01  2.300E+01  8.273E+00  9.398E+00  1.767E+01
 -8.000E-01  8.000E-01  2.350E+01  7.438E+00  8.388E+00  1.583E+01
 -8.000E-01  8.000E-01  2.400E+01  6.701E+00  7.506E+00  1.421E+01
 -8.000E-01  8.000E-01  2.450E+01  6.047E+00  6.720E+00  1.277E+01
 -8.000E-01  8.000E-01  2.500E+01  5.469E+00  6.040E+00  1.151E+01
 -8.000E-01  8.000E-01  2.550E+01  4.956E+00  5.439E+00  1.040E+01
 -8.000E-01  8.000E-01  2.600E+01  4.498E+00  4.905E+00  9.404E+00
 -8.000E-01  8.000E-01  2.650E+01  4.090E+00  4.433E+00  8.523E+00
 -8.000E-01  8.000E-01  2.700E+01  3.725E+00  4.017E+00  7.742E+00
 -8.000E-01  8.000E-01  2.750E+01  3.398E+00  3.638E+00  7.036E+00
 -8.000E-01  8.000E-01  2.800E+01  3.104E+00  3.308E+00  6.411E+00
 -8.000E-01  8.000E-01  2.850E+01  2.840E+00  3.011E+00  5.851E+00
 -8.000E-01  8.000E-01  2.900E+01  2.602E+00  2.748E+00  5.350E+00
 -8.000E-01  8.000E-01  2.950E+01  2.387E+00  2.511E+00  4.898E+00
 -8.000E-01  8.000E-01  3.000E+01  2.193E+00  2.295E+00  4.488E+00
 -8.000E-01  8.000E-01  3.050E+01  2.017E+00  2.103E+00  4.120E+00
 -8.000E-01  8.000E-01  3.100E+01  1.858E+00  1.929E+00  3.788E+00
 -8.000E-01  8.000E-01  3.150E+01  1.713E+00  1.771E+00  3.485E+00
 -8.000E-01  8.000E-01  3.200E+01  1.582E+00  1.627E+00  3.209E+00
 -8.000E-01  8.000E-01  3.250E+01  1.462E+00  1.494E+00  2.956E+00
 -8.000E-01  8.000E-01  3.300E+01  1.353E+00  1.375E+00  2.728E+00
 -8.000E-01  8.000E-01  3.350E+01  1.253E+00  1.265E+00  2.518E+00
 -8.000E-01  8.000E-01  3.400E+01  1.162E+00  1.165E+00  2.327E+00
 -8.000E-01  8.000E-01  3.450E+01  1.079E+00  1.077E+00  2.156E+00
 -8.000E-01  8.000E-01  3.500E+01  1.002E+00  9.946E-01  1.997E+00

mu=2 pt:
 -8.000E-01  8.000E-01  1.500E+00  3.311E+05  4.686E+06  5.017E+06
 -8.000E-01  8.000E-01  2.000E+00  1.727E+05  1.415E+06  1.587E+06
 -8.000E-01  8.000E-01  2.500E+00  8.800E+04  5.358E+05  6.238E+05
 -8.000E-01  8.000E-01  3.000E+00  4.736E+04  2.383E+05  2.857E+05
 -8.000E-01  8.000E-01  3.500E+00  2.711E+04  1.191E+05  1.462E+05
 -8.000E-01  8.000E-01  4.000E+00  1.637E+04  6.419E+04  8.056E+04
 -8.000E-01  8.000E-01  4.500E+00  1.034E+04  3.709E+04  4.743E+04
 -8.000E-01  8.000E-01  5.000E+00  6.782E+03  2.269E+04  2.947E+04
 -8.000E-01  8.000E-01  5.500E+00  4.594E+03  1.431E+04  1.891E+04
 -8.000E-01  8.000E-01  6.000E+00  3.199E+03  9.415E+03  1.261E+04
 -8.000E-01  8.000E-01  6.500E+00  2.285E+03  6.379E+03  8.663E+03
 -8.000E-01  8.000E-01  7.000E+00  1.665E+03  4.447E+03  6.112E+03
 -8.000E-01  8.000E-01  7.500E+00  1.237E+03  3.183E+03  4.419E+03
 -8.000E-01  8.000E-01  8.000E+00  9.336E+02  2.324E+03  3.257E+03
 -8.000E-01  8.000E-01  8.500E+00  7.153E+02  1.734E+03  2.449E+03
 -8.000E-01  8.000E-01  9.000E+00  5.553E+02  1.301E+03  1.856E+03
 -8.000E-01  8.000E-01  9.500E+00  4.364E+02  9.918E+02  1.428E+03
 -8.000E-01  8.000E-01  1.000E+01  3.467E+02  7.635E+02  1.110E+03
 -8.000E-01  8.000E-01  1.050E+01  2.780E+02  5.966E+02  8.746E+02
 -8.000E-01  8.000E-01  1.100E+01  2.252E+02  4.718E+02  6.969E+02
 -8.000E-01  8.000E-01  1.150E+01  1.838E+02  3.763E+02  5.601E+02
 -8.000E-01  8.000E-01  1.200E+01  1.512E+02  3.029E+02  4.541E+02
 -8.000E-01  8.000E-01  1.250E+01  1.253E+02  2.461E+02  3.714E+02
 -8.000E-01  8.000E-01  1.300E+01  1.045E+02  2.017E+02  3.062E+02
 -8.000E-01  8.000E-01  1.350E+01  8.767E+01  1.665E+02  2.542E+02
 -8.000E-01  8.000E-01  1.400E+01  7.398E+01  1.383E+02  2.123E+02
 -8.000E-01  8.000E-01  1.450E+01  6.279E+01  1.157E+02  1.785E+02
 -8.000E-01  8.000E-01  1.500E+01  5.352E+01  9.731E+01  1.508E+02
 -8.000E-01  8.000E-01  1.550E+01  4.587E+01  8.254E+01  1.284E+02
 -8.000E-01  8.000E-01  1.600E+01  3.947E+01  7.001E+01  1.095E+02
 -8.000E-01  8.000E-01  1.650E+01  3.411E+01  5.961E+01  9.372E+01
 -8.000E-01  8.000E-01  1.700E+01  2.958E+01  5.090E+01  8.048E+01
 -8.000E-01  8.000E-01  1.750E+01  2.577E+01  4.370E+01  6.947E+01
 -8.000E-01  8.000E-01  1.800E+01  2.252E+01  3.767E+01  6.018E+01
 -8.000E-01  8.000E-01  1.850E+01  1.975E+01  3.255E+01  5.230E+01
 -8.000E-01  8.000E-01  1.900E+01  1.737E+01  2.827E+01  4.564E+01
 -8.000E-01  8.000E-01  1.950E+01  1.532E+01  2.466E+01  3.999E+01
 -8.000E-01  8.000E-01  2.000E+01  1.356E+01  2.157E+01  3.513E+01
 -8.000E-01  8.000E-01  2.050E+01  1.203E+01  1.893E+01  3.096E+01
 -8.000E-01  8.000E-01  2.100E+01  1.071E+01  1.667E+01  2.738E+01
 -8.000E-01  8.000E-01  2.150E+01  9.547E+00  1.471E+01  2.425E+01
 -8.000E-01  8.000E-01  2.200E+01  8.535E+00  1.303E+01  2.157E+01
 -8.000E-01  8.000E-01  2.250E+01  7.648E+00  1.157E+01  1.922E+01
 -8.000E-01  8.000E-01  2.300E+01  6.869E+00  1.029E+01  1.716E+01
 -8.000E-01  8.000E-01  2.350E+01  6.181E+00  9.188E+00  1.537E+01
 -8.000E-01  8.000E-01  2.400E+01  5.575E+00  8.222E+00  1.380E+01
 -8.000E-01  8.000E-01  2.450E+01  5.035E+00  7.366E+00  1.240E+01
 -8.000E-01  8.000E-01  2.500E+01  4.559E+00  6.622E+00  1.118E+01
 -8.000E-01  8.000E-01  2.550E+01  4.135E+00  5.966E+00  1.010E+01
 -8.000E-01  8.000E-01  2.600E+01  3.756E+00  5.382E+00  9.138E+00
 -8.000E-01  8.000E-01  2.650E+01  3.418E+00  4.867E+00  8.285E+00
 -8.000E-01  8.000E-01  2.700E+01  3.116E+00  4.412E+00  7.527E+00
 -8.000E-01  8.000E-01  2.750E+01  2.844E+00  3.995E+00  6.839E+00
 -8.000E-01  8.000E-01  2.800E+01  2.600E+00  3.621E+00  6.221E+00
 -8.000E-01  8.000E-01  2.850E+01  2.381E+00  3.287E+00  5.668E+00
 -8.000E-01  8.000E-01  2.900E+01  2.183E+00  2.991E+00  5.174E+00
 -8.000E-01  8.000E-01  2.950E+01  2.004E+00  2.725E+00  4.729E+00
 -8.000E-01  8.000E-01  3.000E+01  1.842E+00  2.484E+00  4.326E+00
 -8.000E-01  8.000E-01  3.050E+01  1.696E+00  2.269E+00  3.965E+00
 -8.000E-01  8.000E-01  3.100E+01  1.563E+00  2.076E+00  3.640E+00
 -8.000E-01  8.000E-01  3.150E+01  1.443E+00  1.901E+00  3.343E+00
 -8.000E-01  8.000E-01  3.200E+01  1.333E+00  1.744E+00  3.077E+00
 -8.000E-01  8.000E-01  3.250E+01  1.233E+00  1.601E+00  2.834E+00
 -8.000E-01  8.000E-01  3.300E+01  1.141E+00  1.474E+00  2.615E+00
 -8.000E-01  8.000E-01  3.350E+01  1.058E+00  1.356E+00  2.414E+00
 -8.000E-01  8.000E-01  3.400E+01  9.815E-01  1.249E+00  2.231E+00
 -8.000E-01  8.000E-01  3.450E+01  9.113E-01  1.155E+00  2.066E+00
 -8.000E-01  8.000E-01  3.500E+01  8.474E-01  1.066E+00  1.914E+00
