1.750000e-01 7.508087e+00 2.488362e-03 5.081705e-01 
2.250000e-01 5.723098e+00 1.859522e-03 2.949478e-01 
2.750000e-01 4.407246e+00 1.460641e-03 2.173000e-01 
3.250000e-01 3.391468e+00 1.162706e-03 1.588931e-01 
3.750000e-01 2.624743e+00 9.399672e-04 1.145904e-01 
4.250000e-01 2.050318e+00 7.736089e-04 9.930822e-02 
4.750000e-01 1.610793e+00 6.434295e-04 7.640664e-02 
5.250000e-01 1.276762e+00 5.418365e-04 6.056214e-02 
5.750000e-01 1.021968e+00 4.613489e-04 4.847619e-02 
6.250000e-01 8.250206e-01 3.962662e-04 3.881983e-02 
6.750000e-01 6.727281e-01 3.438634e-04 3.165398e-02 
7.250000e-01 5.530536e-01 3.004054e-04 2.602292e-02 
7.750000e-01 4.573147e-01 2.641567e-04 2.141581e-02 
8.250000e-01 3.804923e-01 2.333985e-04 1.781825e-02 
8.750000e-01 3.177695e-01 2.070448e-04 1.488098e-02 
9.250000e-01 2.664570e-01 1.842213e-04 1.247804e-02 
9.750000e-01 2.246922e-01 1.647897e-04 1.052222e-02 
1.050000e+00 1.754036e-01 9.940461e-05 8.214061e-03 
1.150000e+00 1.278054e-01 8.089089e-05 5.985058e-03 
1.250000e+00 9.455171e-02 6.662121e-05 4.427807e-03 
1.350000e+00 7.105277e-02 5.560137e-05 3.327364e-03 
1.450000e+00 5.384284e-02 4.702336e-05 2.521432e-03 
1.550000e+00 4.121346e-02 3.980216e-05 1.984247e-03 
1.650000e+00 3.170621e-02 3.380229e-05 1.526515e-03 
1.750000e+00 2.463853e-02 2.893033e-05 1.186237e-03 
1.850000e+00 1.921519e-02 2.482125e-05 8.192975e-04 
1.950000e+00 1.510886e-02 2.142887e-05 6.442119e-04 
2.100000e+00 1.073058e-02 1.233719e-05 4.790455e-04 
2.300000e+00 6.963639e-03 9.531246e-06 3.108779e-04 
2.500000e+00 4.617275e-03 7.469992e-06 2.223015e-04 
2.700000e+00 3.130737e-03 5.944364e-06 1.507313e-04 
2.900000e+00 2.152072e-03 4.755773e-06 1.036128e-04 
3.100000e+00 1.509200e-03 3.856925e-06 7.266136e-05 
3.300000e+00 1.077755e-03 3.158758e-06 5.188917e-05 
3.500000e+00 7.765091e-04 2.603900e-06 3.738551e-05 
3.700000e+00 5.703315e-04 2.169754e-06 2.745896e-05 
3.900000e+00 4.230900e-04 1.820889e-06 2.036993e-05 
4.250000e+00 2.594921e-04 8.602660e-07 1.249341e-05 
4.750000e+00 1.359802e-04 5.891397e-07 6.546848e-06 
5.250000e+00 7.480679e-05 4.152501e-07 3.601619e-06 
5.750000e+00 4.327427e-05 3.016993e-07 2.083466e-06 
6.250000e+00 2.593627e-05 2.239857e-07 1.248718e-06 
6.750000e+00 1.648774e-05 1.718519e-07 7.938125e-07 
7.500000e+00 8.846679e-06 8.443098e-08 4.259288e-07 
8.500000e+00 4.158347e-06 5.434079e-08 2.002062e-07 
9.500000e+00 2.070337e-06 3.622383e-08 9.967766e-08 
1.050000e+01 1.128958e-06 2.540515e-08 5.435436e-08 
1.150000e+01 6.539119e-07 1.848149e-08 3.148299e-08 
1.250000e+01 4.030748e-07 1.387748e-08 1.940628e-08 
1.350000e+01 2.293805e-07 1.008057e-08 1.104367e-08 
1.450000e+01 1.665186e-07 8.261109e-09 8.017142e-09 
1.550000e+01 1.028787e-07 6.284543e-09 4.953156e-09 
1.700000e+01 6.165825e-08 3.274540e-09 2.968574e-09 
1.900000e+01 3.106996e-08 2.206977e-09 1.495882e-09 
2.100000e+01 1.688960e-08 1.532222e-09 8.131600e-10 
2.300000e+01 1.072880e-08 1.166275e-09 5.165446e-10 
2.500000e+01 5.838836e-09 8.192056e-10 2.811143e-10 
2.700000e+01 3.219042e-09 5.887748e-10 1.549828e-10 
2.900000e+01 1.974021e-09 4.422855e-10 9.504045e-11 
