3.13053348468  0.420918367347  0.081632653061 
3.37457434733  0.426020408163  0.06887755102 
3.62429057889  0.244897959184  0.099489795919 
3.87968217934  0.441326530612  0.048469387755 
4.123723042  0.413265306122  0.030612244898 
4.37343927355  0.367346938776  0.02806122449 
4.62315550511  0.408163265306  0.035714285714 
4.87854710556  0.44387755102  0.033163265306 
5.12826333712  0.5  0.035714285714 
5.37797956867  0.408163265306  0.038265306122 
5.62769580023  0.507653061224  0.051020408163 
5.87741203178  0.477040816327  0.061224489796 
6.13280363224  0.535714285714  0.066326530612 
6.37684449489  0.301020408163  0.091836734694 
6.63223609535  0.579081632653  0.117346938775 
6.8819523269  0.487244897959  0.163265306122 
7.5062	      0.6224	      0.1378 
