3.12235817575  0.415422885572  0.067164179104 
3.37263626251  0.480099502488  0.069651741294  
3.62291434928  0.542288557214  0.084577114428 
3.8787541713  0.437810945274  0.024875621891 
4.1234705228  0.430348258706  0.022388059701 
4.37374860957  0.455223880597  0.022388059701 
4.62402669633  0.445273631841  0.024875621891 
4.87986651835  0.504975124378  0.022388059701  
5.12458286986  0.482587064677  0.037313432836 
5.38042269188  0.490049751244  0.037313432836 
5.63070077864  0.519900497512  0.067164179104 
5.88097886541  0.390547263682  0.044776119403 
6.13681868743  0.42039800995  0.07960199005 
6.38153503893  0.430348258706  0.084577114427 
6.6318131257  0.559701492537  0.124378109452 
6.88209121246  0.47263681592  0.116915422885 
7.5050	       0.2289	      0.1269



data for pBe at 530GeV
from paper
pT		ratio		dratio

