2.62   0.4928   0.225462   0.120178
3.25   0.283351   0.4272   0.151759
3.21   0.542728   0.782571   0.0363321
2.76   0.381   0.344903   0.101495
5.75   0.645161   0   0.190668
9.00   0.528905   1.29099   0.058652
5.12   0.439711   1.42678   0.0295391
5.56   0.502528   1.85732   0.222865
4.75   0.608772   0.5   0.0390915
2.36   0.38313   0.287785   0.0310378
3.93   0.402074   0.651328   0.198374
2.99   0.454301   0.338083   0.0456575
2.97   0.484359   0.306309   0.0405806
2.50   0.482055   0.353553   0.0842696
2.75   0.345814   0.5   0.0686244
2.50   0.412842   0.353553   0.130481
3.00   0.431374   0.645497   0.0407071
2.75   0.417778   0.5   0.04
2.25   0.52   0   0.13
2.62   0.6113   0.53033   0.135923
5.15   0.457284   1.30566   0.00896601
5.15   0.429494   1.30405   0.011513
3.40   0.52863   0.848528   0.0280899
3.40   0.555862   0.848528   0.0185695
5.37   0.429881   1.156   0.0477167
5.40   0.410673   0.748197   0.0573877



\bibitem{Tikhomirov:1995pf}
  V.~Tikhomirov  [HELIOS Collaboration],
  %``Low p(T) pi0 and eta production in p Be interactions at 450-GeV,''
%\href{http://www.slac.stanford.edu/spires/find/hep/www?irn=4386540}{SPIRES entry}
{\it 6th International Conference on Hadron Spectroscopy (HADRON 95), Manchester, England, 10-14 Jul 1995}
