  1.25    0.193378    0.0565272    0.0469343    0.0315039 
  1.75    0.245282    0.0633005    0.0530264    0.0345711 
  2.25    0.354237    0.0974098    0.0847631    0.0479988 
  2.75    0.395982    0.1173740    0.1046510    0.0531502 
  3.25    0.376802    0.0683113    0.0460334    0.0504714 
  3.75    0.364094    0.0667919    0.0456322    0.0487735 
  4.25    0.398613    0.0848638    0.0659136    0.0534534 
  4.75    0.385136    0.0959509    0.0808112    0.0517313 
  5.25    0.373585    0.0689820    0.0472234    0.0502838 
  5.75    0.432061    0.0904847    0.0692058    0.0582927 
  6.25    0.481100    0.1150760    0.0949083    0.0650761 
  6.75    0.487083    0.1348280    0.1175340    0.0660639 
  7.25    0.374971    0.0908846    0.0752269    0.0509993 
  7.75    0.496641    0.2310940    0.2209440    0.0677365 
  8.25    0.593579    0.2815200    0.2695600    0.0811826 


  $p_T$    $eta/pi0$    tot. err    stat. err. + error A    error B 
