//charged

1       0.1     0       0.2     2200.06       1.79672
2       0.3     0.2     0.4     766.871       0.274093
3       0.5     0.4     0.6     281.66        0.124871
4       0.7     0.6     0.8     124.466       0.0695382
5       0.9     0.8     1       60.1079       0.0424493
6       1.1     1       1.2     30.65         0.0273587
7       1.3     1.2     1.4     16.1822       0.018261
8       1.5     1.4     1.6     8.81206       0.0125334
9       1.7     1.6     1.8     4.91249       0.0087845
10      1.9     1.8     2       2.76753       0.00623422
11      2.1     2       2.2     1.59168       0.00449507
12      2.3     2.2     2.4     0.926406      0.00327628
13      2.5     2.4     2.6     0.542096      0.00240317
14      2.7     2.6     2.8     0.321615      0.00178082
15      2.9     2.8     3       0.191594      0.00132605
16      3.1     3       3.2     0.113799      0.00098823
17      3.3     3.2     3.4     0.0683475     0.000742318
18      3.5     3.4     3.6     0.0418038     0.000563604
19      3.7     3.6     3.8     0.0248896     0.000422882
20      3.9     3.8     4       0.0151789     0.000321682
21      4.1     4       4.2     0.00970913    0.000250881
22      4.3     4.2     4.4     0.00561189    0.000186253
23      4.5     4.4     4.6     0.00332789    0.000140142
24      4.7     4.6     4.8     0.00216143    0.000110596
25      4.9     4.8     5       0.00124687    8.2222e-05
 
//neutral

1       0.1     0       0.2     2707.32         3.39664
2       0.3     0.2     0.4     838.414         0.406541
3       0.5     0.4     0.6     293.294         0.180267
4       0.7     0.6     0.8     127.63          0.0995882
5       0.9     0.8     1       61.0826         0.060518
6       1.1     1       1.2     31.0063         0.0389156
7       1.3     1.2     1.4     16.3382         0.0259492
8       1.5     1.4     1.6     8.87333         0.0177872
9       1.7     1.6     1.8     4.94463         0.0124648
10      1.9     1.8     2       2.78508         0.00884468
11      2.1     2       2.2     1.60362         0.00638161
12      2.3     2.2     2.4     0.930789        0.00464398
13      2.5     2.4     2.6     0.545243        0.00340848
14      2.7     2.6     2.8     0.321535        0.00251848
15      2.9     2.8     3       0.190514        0.00186995
16      3.1     3       3.2     0.114968        0.00140511
17      3.3     3.2     3.4     0.0687716       0.00105284
18      3.5     3.4     3.6     0.042989        0.000808206
19      3.7     3.6     3.8     0.0266507       0.000619024
20      3.9     3.8     4       0.015583        0.000460974
21      4.1     4       4.2     0.00964065      0.000353713
22      4.3     4.2     4.4     0.00564281      0.000264272
23      4.5     4.4     4.6     0.00375394      0.000210529
24      4.7     4.6     4.8     0.00231828      0.000161927
25      4.9     4.8     5       0.00163958      0.000133436
 
//eta

1       0.1     0       0.2     20.3836         0.277762
2       0.3     0.2     0.4     17.4615         0.0570051
3       0.5     0.4     0.6     13.1967         0.0378804
4       0.7     0.6     0.8     9.04443         0.0263995
5       0.9     0.8     1       5.83888         0.01867
6       1.1     1       1.2     3.68066         0.0133899
7       1.3     1.2     1.4     2.30024         0.00972814
8       1.5     1.4     1.6     1.40429         0.00707126
9       1.7     1.6     1.8     0.864149        0.00520796
10      1.9     1.8     2       0.53148         0.00386179
11      2.1     2       2.2     0.325293        0.00287369
12      2.3     2.2     2.4     0.201299        0.00215907
13      2.5     2.4     2.6     0.1248          0.00163003
14      2.7     2.6     2.8     0.0788187       0.00124667
15      2.9     2.8     3       0.0484488       0.000942586
16      3.1     3       3.2     0.0304845       0.000723287
17      3.3     3.2     3.4     0.0182083       0.000541749
18      3.5     3.4     3.6     0.0113415       0.000415298
19      3.7     3.6     3.8     0.00720322      0.000321853
20      3.9     3.8     4       0.00440049      0.000244876
21      4.1     4       4.2     0.00310005      0.000200545
22      4.3     4.2     4.4     0.0013477       0.000129098
23      4.5     4.4     4.6     0.00121608      0.000119831
24      4.7     4.6     4.8     0.000837337     9.7346e-05
25      4.9     4.8     5       0.000346279     6.12175e-05
