//charged
1       0.1     0       0.2     377.991         0.239533
2       0.3     0.2     0.4     131.094         0.037219
3       0.5     0.4     0.6     48.2368         0.0169775
4       0.7     0.6     0.8     21.1732         0.00942264
5       0.9     0.8     1       10.1414         0.0057281
6       1.1     1       1.2     5.13039         0.00367727
7       1.3     1.2     1.4     2.69641         0.00244883
8       1.5     1.4     1.6     1.4571          0.00167439
9       1.7     1.6     1.8     0.80475         0.00116804
10      1.9     1.8     2       0.452809        0.0008284
11      2.1     2       2.2     0.257851        0.000594379
12      2.3     2.2     2.4     0.148852        0.00043142
13      2.5     2.4     2.6     0.0868046       0.000315947
14      2.7     2.6     2.8     0.0507479       0.000232382
15      2.9     2.8     3       0.0301603       0.000172839
16      3.1     3       3.2     0.0177707       0.000128308
17      3.3     3.2     3.4     0.0108011       9.69333e-05
18      3.5     3.4     3.6     0.00643111      7.2614e-05
19      3.7     3.6     3.8     0.00389238      5.49488e-05
20      3.9     3.8     4       0.00234543      4.15313e-05
21      4.1     4       4.2     0.00144449      3.17905e-05
22      4.3     4.2     4.4     0.000845276     2.37493e-05
23      4.5     4.4     4.6     0.000511543     1.80534e-05
24      4.7     4.6     4.8     0.000340329     1.44084e-05
25      4.9     4.8     5       0.000211092     1.11108e-05
 //neutral
1       0.1     0       0.2     462.262         0.367883
2       0.3     0.2     0.4     142.819         0.055079
3       0.5     0.4     0.6     50.222          0.0245075
4       0.7     0.6     0.8     21.6935         0.0134896
5       0.9     0.8     1       10.302          0.00816497
6       1.1     1       1.2     5.18859         0.00523
7       1.3     1.2     1.4     2.71836         0.00347726
8       1.5     1.4     1.6     1.46792         0.00237661
9       1.7     1.6     1.8     0.807876        0.00165513
10      1.9     1.8     2       0.453139        0.00117196
11      2.1     2       2.2     0.260482        0.000844919
12      2.3     2.2     2.4     0.150383        0.00061326
13      2.5     2.4     2.6     0.0880749       0.00045003
14      2.7     2.6     2.8     0.0512848       0.000330375
15      2.9     2.8     3       0.0301803       0.000244505
16      3.1     3       3.2     0.0180367       0.000182799
17      3.3     3.2     3.4     0.0107847       0.000136965
18      3.5     3.4     3.6     0.00650864      0.000103313
19      3.7     3.6     3.8     0.00378235      7.6581e-05
20      3.9     3.8     4       0.00231245      5.83303e-05
21      4.1     4       4.2     0.00152585      4.62001e-05
22      4.3     4.2     4.4     0.000884165     3.43414e-05
23      4.5     4.4     4.6     0.000539348     2.62263e-05
24      4.7     4.6     4.8     0.000310959     1.94744e-05
25      4.9     4.8     5       0.000220087     1.60527e-05

//eta
1       0.1     0       0.2     3.91714         0.0295124
2       0.3     0.2     0.4     3.29214         0.00813608
3       0.5     0.4     0.6     2.45987         0.00537534
4       0.7     0.6     0.8     1.65601         0.00371198
5       0.9     0.8     1       1.05657         0.00260922
6       1.1     1       1.2     0.651794        0.00185128
7       1.3     1.2     1.4     0.400534        0.00133373
8       1.5     1.4     1.6     0.24407         0.000968642
9       1.7     1.6     1.8     0.149082        0.000710731
10      1.9     1.8     2       0.0903598       0.000523163
11      2.1     2       2.2     0.055065        0.000388344
12      2.3     2.2     2.4     0.0342466       0.000292659
13      2.5     2.4     2.6     0.0207141       0.000218234
14      2.7     2.6     2.8     0.0128285       0.000165157
15      2.9     2.8     3       0.00776766      0.000124026
16      3.1     3       3.2     0.00473873      9.36732e-05
17      3.3     3.2     3.4     0.00297433      7.19165e-05
18      3.5     3.4     3.6     0.00188237      5.55879e-05
19      3.7     3.6     3.8     0.00113268      4.19272e-05
20      3.9     3.8     4       0.000655391     3.1037e-05
21      4.1     4       4.2     0.000422583     2.43194e-05
22      4.3     4.2     4.4     0.000264178     1.87759e-05
23      4.5     4.4     4.6     0.000145109     1.35916e-05
24      4.7     4.6     4.8     9.28514e-05     1.06515e-05
25      4.9     4.8     5       6.33193e-05     8.61724e-06
