0.1     1328.75     49.7444     0.03744
0.3     484.613     41.1912     0.085
0.5     184.754     29.3884     0.15907
0.7     82.4559     19.082       0.23142
0.9     40.035       11.8227     0.29531
1.1     20.4998     7.16201     0.34937
1.3     10.9027     4.32269     0.39648
1.5     5.94755     2.60295     0.43765
1.7     3.32476     1.57611     0.47405
1.9     1.88771     0.95646     0.50667
2.1     1.08587     0.58531     0.53902
2.3     0.63311     0.35794     0.56537
2.5     0.37239     0.22038     0.59179
2.7     0.22135     0.13559     0.61255
2.9     0.13283     0.08424     0.6342
