//charged
1       0.1     0       0.2     1498.46      1.32052
2       0.3     0.2     0.4     522.477      0.219028
3       0.5     0.4     0.6     192.636      0.0999902
4       0.7     0.6     0.8     85.0673      0.0556631
5       0.9     0.8     1       41.1688      0.0340144
6       1.1     1       1.2     20.983       0.0219164
7       1.3     1.2     1.4     11.1232      0.0146585
8       1.5     1.4     1.6     6.06981      0.0100719
9       1.7     1.6     1.8     3.37033      0.00704529
10      1.9     1.8     2       1.91255      0.00501768
11      2.1     2       2.2     1.10312      0.00362343
12      2.3     2.2     2.4     0.641435     0.00263943
13      2.5     2.4     2.6     0.373367     0.00193112
14      2.7     2.6     2.8     0.220711     0.00142813
15      2.9     2.8     3       0.130695     0.00106043
16      3.1     3       3.2     0.0795254    0.00079992
17      3.3     3.2     3.4     0.0478819    0.000601442
18      3.5     3.4     3.6     0.0293038    0.000456931
19      3.7     3.6     3.8     0.0171601    0.000340061
20      3.9     3.8     4       0.0103708    0.000257534
21      4.1     4       4.2     0.00652849   0.00019923
22      4.3     4.2     4.4     0.00401317   0.000152462
23      4.5     4.4     4.6     0.00249573   0.000117528
24      4.7     4.6     4.8     0.00159027   9.18209e-05
25      4.9     4.8     5       0.000955238  6.96723e-05

//neutral
1       0.1     0       0.2     1853.05       2.71741
2       0.3     0.2     0.4     572.927       0.325428
3       0.5     0.4     0.6     200.431       0.144283
4       0.7     0.6     0.8     87.2475       0.0797283
5       0.9     0.8     1       41.7805       0.048461
6       1.1     1       1.2     21.2966       0.031229
7       1.3     1.2     1.4     11.2302       0.0208311
8       1.5     1.4     1.6     6.1083        0.0142891
9       1.7     1.6     1.8     3.38844       0.00999054
10      1.9     1.8     2       1.91945       0.00710903
11      2.1     2       2.2     1.10121       0.00511984
12      2.3     2.2     2.4     0.648199      0.0037528
13      2.5     2.4     2.6     0.377053      0.00274426
14      2.7     2.6     2.8     0.219845      0.00201602
15      2.9     2.8     3       0.135229      0.00152561
16      3.1     3       3.2     0.0802143     0.00113596
17      3.3     3.2     3.4     0.0477578     0.000849838
18      3.5     3.4     3.6     0.0285435     0.000637861
19      3.7     3.6     3.8     0.0171148     0.000480309
20      3.9     3.8     4       0.0106176     0.000368582
21      4.1     4       4.2     0.00715895    0.000295007
22      4.3     4.2     4.4     0.00384404    0.000210989
23      4.5     4.4     4.6     0.00259265    0.0001695
24      4.7     4.6     4.8     0.00153531    0.000127511
25      4.9     4.8     5       0.000955702   9.85808e-05
 
//eta
1       0.1     0       0.2     13.671        0.132277
2       0.3     0.2     0.4     12.0395       0.0458259
3       0.5     0.4     0.6     9.13334       0.0305175
4       0.7     0.6     0.8     6.24784       0.021241
5       0.9     0.8     1       4.04751       0.0150514
6       1.1     1       1.2     2.56484       0.0108235
7       1.3     1.2     1.4     1.57292       0.00778954
8       1.5     1.4     1.6     0.967552      0.00568252
9       1.7     1.6     1.8     0.601505      0.00420821
10      1.9     1.8     2       0.368571      0.00311409
11      2.1     2       2.2     0.229673      0.00233828
12      2.3     2.2     2.4     0.138933      0.00173666
13      2.5     2.4     2.6     0.0871805     0.00131929
14      2.7     2.6     2.8     0.0540491     0.000999596
15      2.9     2.8     3       0.0328287     0.000751512
16      3.1     3       3.2     0.0201466     0.000569473
17      3.3     3.2     3.4     0.0132529     0.000447588
18      3.5     3.4     3.6     0.00760374    0.00032909
19      3.7     3.6     3.8     0.0049839     0.000259132
20      3.9     3.8     4       0.00350279    0.000211633
21      4.1     4       4.2     0.00194656    0.000153904
22      4.3     4.2     4.4     0.00128671    0.00012214
23      4.5     4.4     4.6     0.000831575   9.60302e-05
24      4.7     4.6     4.8     0.000455258   6.94302e-05
25      4.9     4.8     5       0.00039639    6.34784e-05
