//charged                                        
1       0.1     0       0.2     3140.83      2.09489                                                                 
2       0.3     0.2     0.4     1093.92      0.322033                                                                
3       0.5     0.4     0.6     401.887      0.146737                                                                
4       0.7     0.6     0.8     177.373      0.0816624                                                               
5       0.9     0.8     1       85.5725      0.0498237                                                               
6       1.1     1       1.2     43.5416      0.0320771                                                               
7       1.3     1.2     1.4     23.08        0.0214532                                                               
8       1.5     1.4     1.6     12.5286      0.014702                                                                
9       1.7     1.6     1.8     6.9714       0.0102949                                                               
10      1.9     1.8     2       3.93781      0.00731524                                                              
11      2.1     2       2.2     2.25503      0.00526366                                                              
12      2.3     2.2     2.4     1.30904      0.00383096                                                              
13      2.5     2.4     2.6     0.769396     0.00281644
14      2.7     2.6     2.8     0.455113     0.00208381
15      2.9     2.8     3       0.267651     0.00154186
16      3.1     3       3.2     0.159689     0.00115173
17      3.3     3.2     3.4     0.0978393    0.000873629
18      3.5     3.4     3.6     0.0590062    0.000658727
19      3.7     3.6     3.8     0.0344751    0.000489722
20      3.9     3.8     4       0.0217545    0.000378854
21      4.1     4       4.2     0.0137536    0.000293725
22      4.3     4.2     4.4     0.00826068   0.000222309
23      4.5     4.4     4.6     0.00487104   0.000166892
24      4.7     4.6     4.8     0.00297516   0.000127568
25      4.9     4.8     5       0.00199068   0.000102261
 
//pion
1       0.1     0       0.2     3832.55       3.27104
2       0.3     0.2     0.4     1195.47       0.477522
3       0.5     0.4     0.6     418.052       0.211721
4       0.7     0.6     0.8     181.558       0.116854
5       0.9     0.8     1       87.106        0.0710955
6       1.1     1       1.2     44.1134       0.045664
7       1.3     1.2     1.4     23.3039       0.0304867
8       1.5     1.4     1.6     12.6271       0.0208734
9       1.7     1.6     1.8     7.00505       0.0145953
10      1.9     1.8     2       3.95652       0.0103698
11      2.1     2       2.2     2.28616       0.00749568
12      2.3     2.2     2.4     1.31271       0.00542548
13      2.5     2.4     2.6     0.770445      0.00398541
14      2.7     2.6     2.8     0.456607      0.00295199
15      2.9     2.8     3       0.273074      0.00220293
16      3.1     3       3.2     0.159152      0.00162632
17      3.3     3.2     3.4     0.0987644     0.00124126
18      3.5     3.4     3.6     0.0607644     0.000945312
19      3.7     3.6     3.8     0.0369101     0.000716416
20      3.9     3.8     4       0.0220315     0.000539177
21      4.1     4       4.2     0.0131346     0.000405965
22      4.3     4.2     4.4     0.00833841    0.000315868
23      4.5     4.4     4.6     0.00527854    0.0002456
24      4.7     4.6     4.8     0.00291318    0.000178631
25      4.9     4.8     5       0.00177405    0.000136474
//eta


1       0.1     0       0.2     28.392         0.225136
2       0.3     0.2     0.4     24.6793        0.0666803
3       0.5     0.4     0.6     18.7162        0.0443839
4       0.7     0.6     0.8     12.9032        0.0310225
5       0.9     0.8     1       8.32879        0.021934
6       1.1     1       1.2     5.24177        0.0157187
7       1.3     1.2     1.4     3.24664        0.0113691
8       1.5     1.4     1.6     1.99381        0.00828994
9       1.7     1.6     1.8     1.21254        0.00606923
10      1.9     1.8     2       0.753975        0.00452647
11      2.1     2       2.2     0.464038        0.00337604
12      2.3     2.2     2.4     0.285012        0.00252757
13      2.5     2.4     2.6     0.173956        0.00189356
14      2.7     2.6     2.8     0.109233        0.00144374
15      2.9     2.8     3       0.0665855       0.00108755
16      3.1     3       3.2     0.0425219       0.000840392
17      3.3     3.2     3.4     0.0259506       0.000636077
18      3.5     3.4     3.6     0.0156612       0.000479962
19      3.7     3.6     3.8     0.0101212       0.00037516
20      3.9     3.8     4       0.00610143      0.000283588
21      4.1     4       4.2     0.00398349      0.000223756
22      4.3     4.2     4.4     0.00242425      0.000170163
23      4.5     4.4     4.6     0.00151082      0.000131509
24      4.7     4.6     4.8     0.000743023     9.01118e-05
25      4.9     4.8     5       0.000672448     8.40614e-05
