5.0000e-01 1.3419e+00 2.8489e-02
6.0000e-01 8.5228e-01 3.1835e-02
7.0000e-01 5.6493e-01 3.5822e-02
8.0000e-01 3.8567e-01 4.0067e-02
9.0000e-01 2.6901e-01 4.4274e-02
1.0000e+00 1.9073e-01 4.8246e-02
1.1000e+00 1.3700e-01 5.1861e-02
1.2000e+00 9.9476e-02 5.5049e-02
1.3000e+00 7.2900e-02 5.7776e-02
1.4000e+00 5.3861e-02 6.0025e-02
1.5000e+00 4.0088e-02 6.1795e-02
1.6000e+00 3.0039e-02 6.3092e-02
1.7000e+00 2.2651e-02 6.3931e-02
1.8000e+00 1.7183e-02 6.4330e-02
1.9000e+00 1.3108e-02 6.4313e-02
2.0000e+00 1.0054e-02 6.3907e-02
2.1000e+00 7.7516e-03 6.3144e-02
2.2000e+00 6.0061e-03 6.2058e-02
2.3000e+00 4.6759e-03 6.0684e-02
2.4000e+00 3.6570e-03 5.9059e-02
2.5000e+00 2.8727e-03 5.7222e-02
2.6000e+00 2.2661e-03 5.5208e-02
2.7000e+00 1.7947e-03 5.3055e-02
2.8000e+00 1.4269e-03 5.0796e-02
2.9000e+00 1.1385e-03 4.8464e-02
3.0000e+00 9.1161e-04 4.6088e-02
3.1000e+00 7.3232e-04 4.3695e-02
3.2000e+00 5.9012e-04 4.1308e-02
3.3000e+00 4.7693e-04 3.8947e-02
3.4000e+00 3.8653e-04 3.6631e-02
3.5000e+00 3.1409e-04 3.4373e-02
3.6000e+00 2.5586e-04 3.2186e-02
3.7000e+00 2.0892e-04 3.0078e-02
3.8000e+00 1.7097e-04 2.8056e-02
3.9000e+00 1.4020e-04 2.6126e-02
4.0000e+00 1.1520e-04 2.4291e-02
4.1000e+00 9.4831e-05 2.2552e-02
4.2000e+00 7.8203e-05 2.0910e-02
4.3000e+00 6.4598e-05 1.9363e-02
4.4000e+00 5.3445e-05 1.7911e-02
4.5000e+00 4.4283e-05 1.6551e-02
4.6000e+00 3.6744e-05 1.5280e-02
4.7000e+00 3.0529e-05 1.4095e-02
4.8000e+00 2.5398e-05 1.2991e-02
4.9000e+00 2.1155e-05 1.1966e-02
5.0000e+00 1.7642e-05 1.1015e-02
5.1000e+00 1.4728e-05 1.0135e-02
5.2000e+00 1.2308e-05 9.3198e-03
5.3000e+00 1.0296e-05 8.5671e-03
5.4000e+00 8.6215e-06 7.8725e-03
5.5000e+00 7.2258e-06 7.2323e-03
5.6000e+00 6.0614e-06 6.6428e-03
5.7000e+00 5.0889e-06 6.1005e-03
5.8000e+00 4.2760e-06 5.6019e-03
5.9000e+00 3.5957e-06 5.1439e-03
6.0000e+00 3.0258e-06 4.7236e-03
