5.0000e-01 3.9346e+00 9.9374e-03
6.0000e-01 2.5044e+00 1.1053e-02
7.0000e-01 1.6633e+00 1.2383e-02
8.0000e-01 1.1377e+00 1.3802e-02
9.0000e-01 7.9517e-01 1.5214e-02
1.0000e+00 5.6509e-01 1.6553e-02
1.1000e+00 4.0700e-01 1.7777e-02
1.2000e+00 2.9644e-01 1.8861e-02
1.3000e+00 2.1802e-01 1.9790e-02
1.4000e+00 1.6173e-01 2.0557e-02
1.5000e+00 1.2092e-01 2.1159e-02
1.6000e+00 9.1070e-02 2.1597e-02
1.7000e+00 6.9055e-02 2.1874e-02
1.8000e+00 5.2700e-02 2.1998e-02
1.9000e+00 4.0465e-02 2.1974e-02
2.0000e+00 3.1253e-02 2.1814e-02
2.1000e+00 2.4273e-02 2.1528e-02
2.2000e+00 1.8953e-02 2.1129e-02
2.3000e+00 1.4875e-02 2.0630e-02
2.4000e+00 1.1731e-02 2.0044e-02
2.5000e+00 9.2954e-03 1.9386e-02
2.6000e+00 7.3981e-03 1.8668e-02
2.7000e+00 5.9130e-03 1.7905e-02
2.8000e+00 4.7451e-03 1.7107e-02
2.9000e+00 3.8223e-03 1.6288e-02
3.0000e+00 3.0901e-03 1.5456e-02
3.1000e+00 2.5067e-03 1.4622e-02
3.2000e+00 2.0400e-03 1.3793e-02
3.3000e+00 1.6652e-03 1.2976e-02
3.4000e+00 1.3631e-03 1.2178e-02
3.5000e+00 1.1189e-03 1.1402e-02
3.6000e+00 9.2072e-04 1.0653e-02
3.7000e+00 7.5947e-04 9.9334e-03
3.8000e+00 6.2788e-04 9.2455e-03
3.9000e+00 5.2019e-04 8.5906e-03
4.0000e+00 4.3183e-04 7.9695e-03
4.1000e+00 3.5916e-04 7.3825e-03
4.2000e+00 2.9925e-04 6.8295e-03
4.3000e+00 2.4976e-04 6.3101e-03
4.4000e+00 2.0878e-04 5.8235e-03
4.5000e+00 1.7479e-04 5.3688e-03
4.6000e+00 1.4655e-04 4.9447e-03
4.7000e+00 1.2304e-04 4.5501e-03
4.8000e+00 1.0343e-04 4.1835e-03
4.9000e+00 8.7055e-05 3.8436e-03
5.0000e+00 7.3359e-05 3.5289e-03
5.1000e+00 6.1886e-05 3.2380e-03
5.2000e+00 5.2264e-05 2.9694e-03
5.3000e+00 4.4183e-05 2.7217e-03
5.4000e+00 3.7388e-05 2.4937e-03
5.5000e+00 3.1668e-05 2.2838e-03
5.6000e+00 2.6847e-05 2.0910e-03
5.7000e+00 2.2779e-05 1.9139e-03
5.8000e+00 1.9344e-05 1.7515e-03
5.9000e+00 1.6440e-05 1.6026e-03
6.0000e+00 1.3983e-05 1.4662e-03
